

TREE # 1
   1  20463.63677 x   0.01187  0.18161  0.22914  0.02761  0.13629  0.02424  0.04140  0.16867  0.02407  0.08768  0.14876  0.07931  0.00932  0.00635  0.00661  0.07678  0.07561  0.07157  0.02754  0.01770  0.06039  0.05636  0.06001  0.05660  0.09055  0.02759  0.08501  0.00010  0.02128  0.03142  0.02221  0.06088  0.05524  0.04098  0.13811  0.00401  0.00441  0.06240  0.11416  0.10178  0.12502  0.03892  0.12892  0.13067  0.01300  0.07694  0.12512  0.15279  0.04338  0.11685  0.00389  0.11435  0.01580  0.03257  0.08531  0.04810  0.06182  0.98991
   2  20463.25086 x   0.01145  0.18407  0.23249  0.02794  0.13799  0.02437  0.04208  0.17063  0.02366  0.08769  0.15047  0.08027  0.01063  0.00643  0.00664  0.07762  0.07634  0.07226  0.02767  0.01800  0.06106  0.05701  0.06058  0.05723  0.09143  0.02782  0.08598  0.00007  0.02152  0.03180  0.02247  0.06146  0.05578  0.04140  0.13942  0.00394  0.00447  0.06291  0.11519  0.10278  0.12617  0.03918  0.13004  0.13192  0.01410  0.07729  0.12621  0.15398  0.04354  0.11785  0.00387  0.11526  0.01598  0.03283  0.08603  0.04849  0.06232  1.01970
   3  20463.19980 x   0.01096  0.18659  0.23554  0.02811  0.13951  0.02446  0.04261  0.17243  0.02369  0.08804  0.15192  0.08108  0.01092  0.00643  0.00657  0.07837  0.07691  0.07287  0.02786  0.01818  0.06160  0.05754  0.06104  0.05773  0.09221  0.02791  0.08671  0.00003  0.02170  0.03206  0.02269  0.06194  0.05618  0.04173  0.14054  0.00389  0.00445  0.06332  0.11604  0.10356  0.12710  0.03930  0.13096  0.13286  0.01425  0.07759  0.12700  0.15495  0.04376  0.11854  0.00381  0.11591  0.01604  0.03302  0.08651  0.04872  0.06266  1.02418
   4  20463.19832 x   0.01096  0.18664  0.23561  0.02811  0.13955  0.02447  0.04262  0.17248  0.02371  0.08807  0.15196  0.08111  0.01093  0.00643  0.00657  0.07839  0.07693  0.07289  0.02787  0.01818  0.06162  0.05755  0.06106  0.05775  0.09224  0.02792  0.08674  0.00003  0.02171  0.03207  0.02269  0.06196  0.05619  0.04174  0.14058  0.00390  0.00445  0.06334  0.11607  0.10359  0.12713  0.03931  0.13099  0.13290  0.01426  0.07761  0.12703  0.15499  0.04377  0.11858  0.00381  0.11594  0.01605  0.03304  0.08654  0.04873  0.06268  1.02713
   5  20463.19828 x   0.01096  0.18668  0.23565  0.02811  0.13958  0.02447  0.04263  0.17251  0.02371  0.08808  0.15198  0.08112  0.01093  0.00643  0.00657  0.07841  0.07695  0.07290  0.02787  0.01819  0.06164  0.05756  0.06107  0.05776  0.09225  0.02793  0.08675  0.00003  0.02172  0.03208  0.02270  0.06197  0.05620  0.04175  0.14060  0.00389  0.00445  0.06335  0.11609  0.10360  0.12715  0.03931  0.13101  0.13292  0.01426  0.07762  0.12705  0.15501  0.04378  0.11859  0.00381  0.11596  0.01605  0.03304  0.08655  0.04874  0.06269  1.02726
   6  20463.19827 x   0.01095  0.18670  0.23568  0.02811  0.13959  0.02447  0.04264  0.17253  0.02371  0.08809  0.15200  0.08113  0.01093  0.00643  0.00657  0.07841  0.07695  0.07291  0.02788  0.01819  0.06164  0.05757  0.06107  0.05777  0.09226  0.02793  0.08676  0.00003  0.02172  0.03208  0.02270  0.06197  0.05621  0.04175  0.14061  0.00389  0.00445  0.06335  0.11610  0.10361  0.12716  0.03932  0.13102  0.13293  0.01426  0.07762  0.12705  0.15502  0.04378  0.11860  0.00381  0.11596  0.01605  0.03304  0.08655  0.04874  0.06269  1.02732
   7  20463.19827 x   0.01095  0.18671  0.23569  0.02811  0.13960  0.02447  0.04264  0.17253  0.02371  0.08809  0.15200  0.08113  0.01093  0.00643  0.00657  0.07841  0.07695  0.07291  0.02788  0.01819  0.06164  0.05757  0.06107  0.05777  0.09226  0.02793  0.08676  0.00003  0.02172  0.03208  0.02270  0.06197  0.05621  0.04175  0.14061  0.00389  0.00445  0.06335  0.11610  0.10361  0.12716  0.03932  0.13102  0.13293  0.01426  0.07762  0.12706  0.15502  0.04378  0.11860  0.00381  0.11597  0.01605  0.03304  0.08656  0.04874  0.06269  1.02734
   8  20463.19827 x   0.01095  0.18672  0.23569  0.02811  0.13960  0.02447  0.04264  0.17254  0.02371  0.08809  0.15200  0.08113  0.01093  0.00643  0.00657  0.07842  0.07695  0.07291  0.02788  0.01819  0.06164  0.05757  0.06107  0.05777  0.09226  0.02793  0.08676  0.00003  0.02172  0.03208  0.02270  0.06197  0.05621  0.04175  0.14062  0.00389  0.00445  0.06335  0.11610  0.10361  0.12716  0.03932  0.13103  0.13293  0.01426  0.07762  0.12706  0.15502  0.04378  0.11860  0.00381  0.11597  0.01605  0.03304  0.08656  0.04874  0.06269  1.02735
   9  20463.19827 x   0.01095  0.18672  0.23570  0.02811  0.13960  0.02447  0.04264  0.17254  0.02371  0.08809  0.15200  0.08113  0.01093  0.00643  0.00657  0.07842  0.07695  0.07291  0.02788  0.01819  0.06164  0.05757  0.06107  0.05777  0.09227  0.02793  0.08676  0.00003  0.02172  0.03208  0.02270  0.06197  0.05621  0.04175  0.14062  0.00389  0.00445  0.06335  0.11610  0.10362  0.12716  0.03932  0.13103  0.13293  0.01426  0.07762  0.12706  0.15502  0.04378  0.11860  0.00381  0.11597  0.01605  0.03304  0.08656  0.04874  0.06269  1.02736
