
 30

((((t276: 0.251006, t85: 0.218989): 0.113028, (t199: 0.172798, t23: 0.347818): 0.059795): 0.023040, (t101: 0.345741, t257: 0.275732): 0.021204): 0.078479, t126: 0.362407, (((t10: 0.247732, t3: 0.217167): 0.081982, ((t285: 0.123608, t219: 0.138055): 0.066347, t192: 0.194803): 0.127798): 0.242159, (t244: 0.426870, ((((t89: 0.133021, (t9: 0.126123, t163: 0.161076): 0.022294): 0.147579, (t148: 0.334531, t12: 0.361773): 0.042352): 0.046170, (t100: 0.264742, t274: 0.199438): 0.099553): 0.101938, ((((t177: 0.257014, t236: 0.223283): 0.146973, t62: 0.420456): 0.051431, ((t181: 0.116350, t72: 0.125048): 0.156936, (t254: 0.187693, (t223: 0.197416, t242: 0.200677): 0.027602): 0.049824): 0.153478): 0.007248, (t189: 0.362851, t92: 0.443908): 0.078546): 0.025655): 0.014894): 0.044889): 0.189021);

  0.078479  0.023040  0.113028  0.251006  0.218989  0.059795  0.172798  0.347818  0.021204  0.345741  0.275732  0.362407  0.189021  0.242159  0.081982  0.247732  0.217167  0.127798  0.066347  0.123608  0.138055  0.194803  0.044889  0.426870  0.014894  0.101938  0.046170  0.147579  0.133021  0.022294  0.126123  0.161076  0.042352  0.334531  0.361773  0.099553  0.264742  0.199438  0.025655  0.007248  0.051431  0.146973  0.257014  0.223283  0.420456  0.153478  0.156936  0.116350  0.125048  0.049824  0.187693  0.027602  0.197416  0.200677  0.078546  0.362851  0.443908

  0.000000  0.000000  0.000000  0.000000  0.000000  0.000000  0.000000  0.000000  0.000000  0.000000  0.000000  0.000000  0.000000  0.000000  0.000000  0.000000  0.000000  0.000000  0.000000  0.000000  0.000000  0.000000  0.000000  0.000000  0.000000  0.000000  0.000000  0.000000  0.000000  0.000000  0.000000  0.000000  0.000000  0.000000  0.000000  0.000000  0.000000  0.000000  0.000000  0.000000  0.000000  0.000000  0.000000  0.000000  0.000000  0.000000  0.000000  0.000000  0.000000  0.000000  0.000000  0.000000  0.000000  0.000000  0.000000  0.000000  0.000000


Hessian

      -4092     -602.3     -81.28      8.486      205.2     -115.8      68.43     -59.87     -231.4      64.41      -44.4     -261.6     -372.5     -152.4     -59.58     -38.42      181.3     -42.71        310     -139.8     -77.22     -49.49     -421.2      34.12     -184.8      250.9      262.1     -10.45      244.6      353.2     -67.72      146.7     -10.95     -55.54      140.2      238.8      26.97     -52.37      161.4      435.7      183.6      81.39      96.32     -120.4     -105.5      131.1     -19.46      51.61      122.1      205.7      155.1     -402.8      80.67      -26.5     -16.39     -15.85      11.09
     -602.3 -1.005e+04     -511.5      180.9     -107.3     -924.4     -113.4      -65.8      -1660      29.83     -156.6     -76.15      5.089      35.17      224.3      162.8     -81.52     -65.97      267.1      417.3         91     -163.6      109.3     -116.8      282.8      387.2      284.3     -20.79     -167.8       13.3      194.7      79.24     -27.65      249.9      231.3      257.2     -280.9      281.1      381.4      554.5      269.8      214.1     -128.1     -34.08     -136.9      167.3      31.85       -110      202.2      89.29     -141.8     -379.8      284.6     -119.7      118.2      69.58     -5.472
     -81.28     -511.5      -3084     -113.2     -304.1     -216.6      25.08       58.9      87.73      52.12     0.1486     -90.16      8.185      284.9      306.4     -57.04      120.6      37.21      31.06      49.02     -141.5      46.93      116.3     -2.925      279.9     -266.5      44.63      32.82     -25.49     -78.43     -65.62     -11.12      51.09     -31.77      32.72     -37.72     -19.47     -20.09     -91.03       26.9     -43.03     -183.3     -71.96      141.8     -82.64      20.71       30.3     -73.51      211.7     -4.929      71.61      42.62     -33.88      85.55     -86.77     -10.69      27.64
      8.486      180.9     -113.2      -1718     -82.27      156.2     -59.92       40.9      160.6     -8.114      38.27      5.593     -18.92        145      228.6      155.6     -18.11      108.9      70.53     -88.72      199.9     -19.99      20.39     -4.335     -34.69     -140.6      134.2       78.3      12.05      274.7      28.92       6.83      -69.7      49.86      31.26     -89.71      39.34      56.44      181.4      12.47      2.679      54.66      120.2      78.98      68.16     -97.04      28.09        141      117.9      216.5      84.38     -50.95     -27.32      210.6      63.35      101.9      33.61
      205.2     -107.3     -304.1     -82.27      -1897      170.6     -27.84      28.56     -347.1     -42.62       12.2      54.41      71.86     -90.08      261.5      23.51      104.6      56.78      21.85     -50.53      155.6      151.3     -120.6      25.26       -266      47.57      245.7        130     -201.4      1.476     -60.04      213.6     -177.3     -47.33      18.71      153.9     -113.1      65.29      50.55     0.7456       33.8      -32.5      40.25     -7.405       19.3     -77.87       88.6      150.4      101.9      162.2     -24.11      157.2     -56.49       -142      93.32      25.51     -2.068
     -115.8     -924.4     -216.6      156.2      170.6      -5154     -590.3     -37.39     -89.97      84.99      167.2     -69.97     -42.85       63.8      163.3      122.3      136.9      111.7     -159.9     -243.4     -37.58       -159      32.88      104.3     -438.5      66.36     -18.83      45.36      33.92      155.1       27.2     -70.42     -248.7      78.74      45.34      159.8     -20.01       96.9     -198.6      160.3       -461      64.56     -10.66     -106.6     -27.84      56.83     -70.56      134.7      73.08      92.89     -28.83      248.1      21.03      31.07     -96.38       86.6     -41.69
      68.43     -113.4      25.08     -59.92     -27.84     -590.3      -2319         26      91.31      11.87     -62.55      0.709      -59.8      28.79      289.2     -12.72      60.08      10.34      9.686      4.339     -26.17       69.7     -195.9    -0.3243       -424      28.79      240.3     -19.26      206.2      1.328      -28.2     -85.51      91.66      96.87      72.07      169.7      58.66      -6.74      210.2      256.3      5.664     -31.28      48.12      33.97      52.33      -4.68      44.58      13.39        111     -7.456      141.2      -90.2      7.955      76.93      51.51      28.55      38.84
     -59.87      -65.8       58.9       40.9      28.56     -37.39         26      -1250     -121.1      17.02      8.348     -15.74      67.41     -76.76     -12.74      17.35      56.56      79.27      63.25      134.4     -98.74      80.96      47.96      111.5     -171.5      19.35     -34.49      71.75      99.62       70.5     -101.9      173.9     -216.5     -49.02      28.22      38.51      47.61     -22.35     -236.5      28.61      179.4     -19.09       71.7      48.62      14.45       67.5      85.51      43.67      14.91     -77.83     -59.19     -101.5     -32.75      25.29      -32.5     -23.84     -7.457
     -231.4      -1660      87.73      160.6     -347.1     -89.97      91.31     -121.1      -7052     -413.5     -681.6     -36.86      70.46      -15.4        122     -260.5     -56.41      22.35     -93.08        236      108.9      66.77      211.7      98.77      406.5      254.3      250.1      79.93      216.5      428.2      -37.5     -348.2     -186.4     -79.45      132.7      262.2     -36.98      279.5      82.56       71.4      184.2      33.64     -149.4      254.4     -199.6     -270.9     -27.34      105.9     -116.5     -260.3      93.86     -36.44      252.8      109.7        206      63.33      66.93
      64.41      29.83      52.12     -8.114     -42.62      84.99      11.87      17.02     -413.5      -1199      110.5      11.71      39.65      40.66      112.2     -12.66      89.41     -5.926     -88.74      14.21     -63.68       36.4     -12.51      4.348     -5.589     -57.85      148.8      59.65      13.62        -96      6.588      82.75     -44.88      12.89     -60.74      12.98     -3.415       77.5      143.1     -345.4     -87.97     -119.3      76.69      15.66     -59.87     -67.75     -108.9        120      122.3     -184.6      20.88     -20.26      6.447      74.36      12.68      40.49      16.79
      -44.4     -156.6     0.1486      38.27       12.2      167.2     -62.55      8.348     -681.6      110.5      -1614      -48.8      15.97         76     -75.51     -93.99      4.211      63.06      176.8      15.64     -56.06      52.16      101.1      76.19      367.5      95.06      -33.6      115.2      231.7      231.2     -107.9      81.54      150.8      92.56       57.3      30.67     -57.15      20.79     -111.7      259.8      144.2     -30.95      45.74      138.8       91.7      27.07     -32.69      61.94      132.1      6.353      2.009     -194.4      35.27      97.59      -70.9     -6.019     -48.19
     -261.6     -76.15     -90.16      5.593      54.41     -69.97      0.709     -15.74     -36.86      11.71      -48.8      -1140      78.17     -34.92      -36.4     -46.95      36.75      113.1      91.82      87.86     -33.33      31.57     -32.39     -31.15      240.8     -99.23      74.28      49.03      258.5      120.6       16.3      210.2     -70.13      25.61      19.72      22.35       -9.4      53.36     -23.97      -14.5      86.48      85.77     -43.02      94.41     -1.915     -12.64     -8.495      26.84       99.5        158     -81.75     -302.6      70.57      96.94     -133.8      22.74      2.794
     -372.5      5.089      8.185     -18.92      71.86     -42.85      -59.8      67.41      70.46      39.65      15.97      78.17      -2047     -21.71      1.813     -17.83      134.5     -63.05      114.5     -54.19       66.4      72.44     -626.8      30.41       -250      132.6     -10.36       20.6      233.6      180.2      237.5     -156.3     -142.4     -28.52      159.6      33.44      10.79     -33.67     -55.42      277.7     -294.5      226.3      130.1      5.204     -32.49      49.07      54.06      78.18      55.97     -14.97      105.1     -201.9      1.042      67.38      79.42      4.224     -21.19
     -152.4      35.17      284.9        145     -90.08       63.8      28.79     -76.76      -15.4      40.66         76     -34.92     -21.71      -1651     -34.67     -32.82      92.31     -90.06        192      288.2      150.1      74.14     -495.8      74.11     -45.14      44.93     -51.26     -28.66      61.74      4.041      357.3      77.52      6.993      9.811      10.15      68.75      57.87      147.8       54.5     -243.3      67.72      38.85     -73.36      30.74      40.27      29.04     -60.95      96.15     -49.76      80.75      19.25       -257     -2.651     -43.36      87.08     -4.334      19.28
     -59.58      224.3      306.4      228.6      261.5      163.3      289.2     -12.74        122      112.2     -75.51      -36.4      1.813     -34.67      -3638     -231.3     -330.4     -441.1      43.45       61.8     -147.7      142.3      194.1      12.39     -34.78     -66.67        134      83.89      93.99      150.6      128.1      -10.6      311.8      80.16      40.41      31.23      18.33     -229.1      231.5      171.1      8.569     -11.95     -221.1      108.4      9.543        173      293.5       54.6     -82.02      166.6      16.15      26.36      50.82     -66.91     -31.35     -51.02     -55.26
     -38.42      162.8     -57.04      155.6      23.51      122.3     -12.72      17.35     -260.5     -12.66     -93.99     -46.95     -17.83     -32.82     -231.3      -1681       -155      18.97      138.1     -5.736    -0.4294      27.78     -36.83      69.92     -13.29     -7.515      8.986     -30.94     -98.23     -216.6      97.82     -89.93     -172.7      12.58      54.46     -235.9        110      76.15      199.7      73.17     -47.93      47.07     -27.08        169     -2.638     -6.629        142     -31.09      78.99      104.9     -125.2      56.07      5.927     -17.51      -50.1     -29.41     -65.32
      181.3     -81.52      120.6     -18.11      104.6      136.9      60.08      56.56     -56.41      89.41      4.211      36.75      134.5      92.31     -330.4       -155      -1995     -149.2     -73.15      55.03     -13.15      116.2      202.3     -14.45      289.3      70.56        181      38.22     -137.6     -11.52     -237.5      69.46     -133.7      24.23     -54.82      72.01      92.97      19.42      156.5      212.2      149.9      200.9     -89.36      54.97      20.98      -12.1      108.1      153.8      126.2     -5.209        -27     -126.2      25.72     -32.67      14.37      20.79      72.03
     -42.71     -65.97      37.21      108.9      56.78      111.7      10.34      79.27      22.35     -5.926      63.06      113.1     -63.05     -90.06     -441.1      18.97     -149.2      -2734     -266.4        273      373.6      38.55     -52.22      40.74     -373.2      98.85      57.68     -154.7     -160.1       -203      215.1      76.24      158.5      47.11      32.28       99.8     -90.03     -67.02      126.7      178.6      27.42      61.57      38.38     -58.82     -60.65     -95.66     -25.23      73.81       46.1      12.51     -101.8      41.29     -19.45       -103      142.4      3.168     -39.15
        310      267.1      31.06      70.53      21.85     -159.9      9.686      63.25     -93.08     -88.74      176.8      91.82      114.5        192      43.45      138.1     -73.15     -266.4      -5463      125.6      21.65     -674.6       65.8     -25.18      29.77     -35.96      215.6     -11.06     -82.91      345.2     -227.2      151.7      172.1      68.91      44.49     -36.52     -7.052     -109.3      110.8     -55.21     -76.78      180.5     -224.6       7.01     -48.91      148.3      49.75     -362.5     -338.1      380.9      39.24      590.9      13.02      80.77      53.91      167.4      76.28
     -139.8      417.3      49.02     -88.72     -50.53     -243.4      4.339      134.4        236      14.21      15.64      87.86     -54.19      288.2       61.8     -5.736      55.03        273      125.6      -4215     -457.6     -124.6      194.3     -4.399     -65.65      330.2      189.9      283.5     -207.7     -237.8     -445.4     -208.1     -183.6     -8.447      98.66      222.5     -118.6     -94.72     -296.8     -72.42      40.52      98.51      178.9      55.05     -54.92      42.36      56.51     -133.5     -168.4     -296.5     -15.41      171.1      9.911      38.18      145.6      188.2      118.5
     -77.22         91     -141.5      199.9      155.6     -37.58     -26.17     -98.74      108.9     -63.68     -56.06     -33.33       66.4      150.1     -147.7    -0.4294     -13.15      373.6      21.65     -457.6      -4021       -118        176      24.11     -44.32      288.6     -53.21      104.3      230.1     -61.89     -331.1     -36.44      30.85      95.66       -130      120.1     -9.607     -188.1      149.7      13.87     -115.9     -97.75     -23.81      211.1      76.72     -52.58      138.8       -437     -4.324      309.5     -125.6      41.81      8.721      247.4     -41.22       61.9      31.56
     -49.49     -163.6      46.93     -19.99      151.3       -159       69.7      80.96      66.77       36.4      52.16      31.57      72.44      74.14      142.3      27.78      116.2      38.55     -674.6     -124.6       -118      -2449        183     -44.74     -100.4      -62.3     -105.1     -147.2       5.29      357.8     -73.66      67.87     -3.057      1.194     -13.72     -41.52     -29.13      14.44      91.36        186      123.1      170.1     -78.28      18.88      64.84     -59.25      39.92     -186.3     -7.422     -37.81     -8.317      335.5     -90.41      113.4       12.9       53.3      8.504
     -421.2      109.3      116.3      20.39     -120.6      32.88     -195.9      47.96      211.7     -12.51      101.1     -32.39     -626.8     -495.8      194.1     -36.83      202.3     -52.22       65.8      194.3        176        183      -5152       19.7      -1677      166.3      216.7     -107.9      59.06        184      345.6      141.7     -520.7     -127.3      33.99     -262.9      83.28     -15.28       -773     -456.2      64.27      164.5     -21.95       15.4     -46.51     -161.2      44.29      44.86      86.49      126.9      71.12     -865.4     -4.372     -169.3      27.96     -0.451     -69.68
      34.12     -116.8     -2.925     -4.335      25.26      104.3    -0.3243      111.5      98.77      4.348      76.19     -31.15      30.41      74.11      12.39      69.92     -14.45      40.74     -25.18     -4.399      24.11     -44.74       19.7     -940.6     -245.9      68.12     -128.9     -109.2     -21.45     -41.55     -71.89     -84.59      198.8      46.85      59.62     -12.52      48.19     -4.417     -205.9      -39.1     -28.54      34.51      29.71      5.703      10.76     -55.63      45.14      65.61      57.33      150.4      135.5      174.2      60.42      91.63     -5.695     -10.78      23.68
     -184.8      282.8      279.9     -34.69       -266     -438.5       -424     -171.5      406.5     -5.589      367.5      240.8       -250     -45.14     -34.78     -13.29      289.3     -373.2      29.77     -65.65     -44.32     -100.4      -1677     -245.9   -1.5e+04     -204.4      276.3      305.9      188.7      310.6     -378.5     -123.2     -678.1     -286.5       45.7     -57.13     -32.72       45.1     -338.8     -657.9     -178.4     -228.2      312.7      254.4     -131.3     -163.6      170.8     -62.51      542.9      251.9     -21.04       -562      18.76     -163.1      51.13      12.01     -101.8
      250.9      387.2     -266.5     -140.6      47.57      66.36      28.79      19.35      254.3     -57.85      95.06     -99.23      132.6      44.93     -66.67     -7.515      70.56      98.85     -35.96      330.2      288.6      -62.3      166.3      68.12     -204.4      -4062       -488     -193.3      321.2      214.6      239.7      41.73     -95.95      27.92     -44.44     -182.8      17.22     -89.02     -325.8      6.325      69.97      144.5      125.5      217.4      -62.4        158     -148.2      125.4      87.14     -219.5     -15.97      159.9      217.6     -62.39     -186.8     -93.46     -45.03
      262.1      284.3      44.63      134.2      245.7     -18.83      240.3     -34.49      250.1      148.8      -33.6      74.28     -10.36     -51.26        134      8.986        181      57.68      215.6      189.9     -53.21     -105.1      216.7     -128.9      276.3       -488      -7273     -516.8      304.1      31.64      269.9     -63.14       -180     -60.58     -44.14     -253.4      88.33      58.64      171.6     -10.67      100.4     -371.7     -185.9     -59.29      141.1     -122.5      132.5     -357.5      123.9     -194.9      63.92      137.8       66.7     -37.82      116.9     -66.33     -18.36
     -10.45     -20.79      32.82       78.3        130      45.36     -19.26      71.75      79.93      59.65      115.2      49.03       20.6     -28.66      83.89     -30.94      38.22     -154.7     -11.06      283.5      104.3     -147.2     -107.9     -109.2      305.9     -193.3     -516.8      -2956      16.36     -750.6      273.6      11.28     -82.65     -10.95      102.3     -222.1     -59.08      198.1     -53.06     -528.3      124.2     -4.755      123.2      97.88      12.92        -45     -159.1      77.65      2.034      109.7      11.24      54.57     -118.6     -185.2     -2.065      9.779     -11.53
      244.6     -167.8     -25.49      12.05     -201.4      33.92      206.2      99.62      216.5      13.62      231.7      258.5      233.6      61.74      93.99     -98.23     -137.6     -160.1     -82.91     -207.7      230.1       5.29      59.06     -21.45      188.7      321.2      304.1      16.36      -4060      -1537      10.88     -37.38      -46.2      18.18     -67.77    -0.5424     -169.1      54.73     -25.78     -14.23      237.3      148.8      31.98      50.74      149.6      48.01       52.5      113.2     -24.08     -225.6      32.63     -456.7     -34.47     -165.3     -78.58      71.15     -45.84
      353.2       13.3     -78.43      274.7      1.476      155.1      1.328       70.5      428.2        -96      231.2      120.6      180.2      4.041      150.6     -216.6     -11.52       -203      345.2     -237.8     -61.89      357.8        184     -41.55      310.6      214.6      31.64     -750.6      -1537 -1.315e+04     -671.3       -480     -66.04      17.91      118.9     -21.63     -99.54      113.3      39.31      29.16        307     -521.2      130.1      23.08      242.4     -408.7      155.2      58.84     -7.532     -456.2      21.69     -206.1     -72.39     -285.4      173.6      12.97      200.9
     -67.72      194.7     -65.62      28.92     -60.04       27.2      -28.2     -101.9      -37.5      6.588     -107.9       16.3      237.5      357.3      128.1      97.82     -237.5      215.1     -227.2     -445.4     -331.1     -73.66      345.6     -71.89     -378.5      239.7      269.9      273.6      10.88     -671.3      -4539     -286.8      181.6    -0.1815      1.879     -37.72        121     -45.69     -102.5     -22.23      36.86     -190.4      210.2      264.7      141.7      145.6      175.6     -229.9      37.13      283.2        162      105.8      -85.2     -32.13        142      118.2      14.02
      146.7      79.24     -11.12       6.83      213.6     -70.42     -85.51      173.9     -348.2      82.75      81.54      210.2     -156.3      77.52      -10.6     -89.93      69.46      76.24      151.7     -208.1     -36.44      67.87      141.7     -84.59     -123.2      41.73     -63.14      11.28     -37.38       -480     -286.8      -3744      194.7      10.48      61.73      207.2     -2.061      23.97     -229.8      195.2     -204.6      1.484     -13.36      141.6     -20.87        175      59.79      36.12      109.3      85.69      167.6      65.08     -19.37      129.8      20.37     -22.65        110
     -10.95     -27.65      51.09      -69.7     -177.3     -248.7      91.66     -216.5     -186.4     -44.88      150.8     -70.13     -142.4      6.993      311.8     -172.7     -133.7      158.5      172.1     -183.6      30.85     -3.057     -520.7      198.8     -678.1     -95.95       -180     -82.65      -46.2     -66.04      181.6      194.7      -4832     -428.3     -289.3      142.6     -216.4      60.16      256.2      276.9      92.32      131.8       71.6      66.47      30.62      92.23      116.5      186.9     -265.5     -158.6     -53.87      -1098      23.86      72.54     -59.54      19.94     -54.67
     -55.54      249.9     -31.77      49.86     -47.33      78.74      96.87     -49.02     -79.45      12.89      92.56      25.61     -28.52      9.811      80.16      12.58      24.23      47.11      68.91     -8.447      95.66      1.194     -127.3      46.85     -286.5      27.92     -60.58     -10.95      18.18      17.91    -0.1815      10.48     -428.3      -1224      50.15     -25.36      34.91      39.99      197.4      273.4      35.05     -37.75       36.3   -0.09554      17.53     -29.23      61.36      37.18     -9.024      34.37      49.28     -52.35     -9.348     -66.78      86.23      36.62      74.72
      140.2      231.3      32.72      31.26      18.71      45.34      72.07      28.22      132.7     -60.74       57.3      19.72      159.6      10.15      40.41      54.46     -54.82      32.28      44.49      98.66       -130     -13.72      33.99      59.62       45.7     -44.44     -44.14      102.3     -67.77      118.9      1.879      61.73     -289.3      50.15      -1070        121      94.75      15.39      181.4     -220.6     -49.14      36.01      35.85     -5.313     -102.4      45.95     -98.66     -34.11     -55.48      102.5      86.04     -92.99     -19.38      -13.6      40.29      -25.9    -0.2024
      238.8      257.2     -37.72     -89.71      153.9      159.8      169.7      38.51      262.2      12.98      30.67      22.35      33.44      68.75      31.23     -235.9      72.01       99.8     -36.52      222.5      120.1     -41.52     -262.9     -12.52     -57.13     -182.8     -253.4     -222.1    -0.5424     -21.63     -37.72      207.2      142.6     -25.36        121      -3630     -125.9       -244      303.6     -529.6      299.1     -57.82      103.5      92.36      21.65     -49.98      79.92     -112.7      159.6     -332.6     -56.43     -205.3     -197.7     -268.8      213.6      60.18     -4.236
      26.97     -280.9     -19.47      39.34     -113.1     -20.01      58.66      47.61     -36.98     -3.415     -57.15       -9.4      10.79      57.87      18.33        110      92.97     -90.03     -7.052     -118.6     -9.607     -29.13      83.28      48.19     -32.72      17.22      88.33     -59.08     -169.1     -99.54        121     -2.061     -216.4      34.91      94.75     -125.9      -1659      14.89      146.2      126.3       31.1      86.61      39.09      -16.1      58.69      49.59     -129.4      89.74      96.36      57.53     -174.3      64.54      142.1     -84.22      63.29     -12.91     -8.801
     -52.37      281.1     -20.09      56.44      65.29       96.9      -6.74     -22.35      279.5       77.5      20.79      53.36     -33.67      147.8     -229.1      76.15      19.42     -67.02     -109.3     -94.72     -188.1      14.44     -15.28     -4.417       45.1     -89.02      58.64      198.1      54.73      113.3     -45.69      23.97      60.16      39.99      15.39       -244      14.89      -2065     -375.9      61.54      108.7      46.04     -39.83      66.79      -24.2        -92      184.1     -29.63     -242.8       -138     -81.51      173.7      19.42     -25.87     -28.51      45.49      101.7
      161.4      381.4     -91.03      181.4      50.55     -198.6      210.2     -236.5      82.56      143.1     -111.7     -23.97     -55.42       54.5      231.5      199.7      156.5      126.7      110.8     -296.8      149.7      91.36       -773     -205.9     -338.8     -325.8      171.6     -53.06     -25.78      39.31     -102.5     -229.8      256.2      197.4      181.4      303.6      146.2     -375.9 -1.242e+04      -1870       -407     -341.5     -48.18      203.5     -99.55     -157.2     -273.3     -337.2        157      129.8       15.9      -83.7      117.9     0.4462     -233.9     -55.43      79.84
      435.7      554.5       26.9      12.47     0.7456      160.3      256.3      28.61       71.4     -345.4      259.8      -14.5      277.7     -243.3      171.1      73.17      212.2      178.6     -55.21     -72.42      13.87        186     -456.2      -39.1     -657.9      6.325     -10.67     -528.3     -14.23      29.16     -22.23      195.2      276.9      273.4     -220.6     -529.6      126.3      61.54      -1870 -2.054e+04      -1290      -1068        172      87.13     -331.6      -1175      211.3        229      254.7     0.8558      295.9      222.6        202     -272.5     -340.1      130.4      128.6
      183.6      269.8     -43.03      2.679       33.8       -461      5.664      179.4      184.2     -87.97      144.2      86.48     -294.5      67.72      8.569     -47.93      149.9      27.42     -76.78      40.52     -115.9      123.1      64.27     -28.54     -178.4      69.97      100.4      124.2      237.3        307      36.86     -204.6      92.32      35.05     -49.14      299.1       31.1      108.7       -407      -1290      -4945     -953.7     -9.613     -66.26     -257.3     -15.58     -52.87      122.3     -37.21     -23.98      266.6      342.7      94.22     -341.7     -181.4     -61.09      45.33
      81.39      214.1     -183.3      54.66      -32.5      64.56     -31.28     -19.09      33.64     -119.3     -30.95      85.77      226.3      38.85     -11.95      47.07      200.9      61.57      180.5      98.51     -97.75      170.1      164.5      34.51     -228.2      144.5     -371.7     -4.755      148.8     -521.2     -190.4      1.484      131.8     -37.75      36.01     -57.82      86.61      46.04     -341.5      -1068     -953.7      -2384     -17.29     -73.19       15.6      10.85     -43.56     -115.3      118.8      22.48      94.54        162      140.8     -85.88     -89.88     -46.54      8.964
      96.32     -128.1     -71.96      120.2      40.25     -10.66      48.12       71.7     -149.4      76.69      45.74     -43.02      130.1     -73.36     -221.1     -27.08     -89.36      38.38     -224.6      178.9     -23.81     -78.28     -21.95      29.71      312.7      125.5     -185.9      123.2      31.98      130.1      210.2     -13.36       71.6       36.3      35.85      103.5      39.09     -39.83     -48.18        172     -9.613     -17.29      -1725     -97.24      72.34      33.87      5.336      76.19      119.3     -54.79     -138.8      200.9       89.6      109.9        169      -44.4      24.04
     -120.4     -34.08      141.8      78.98     -7.405     -106.6      33.97      48.62      254.4      15.66      138.8      94.41      5.204      30.74      108.4        169      54.97     -58.82       7.01      55.05      211.1      18.88       15.4      5.703      254.4      217.4     -59.29      97.88      50.74      23.08      264.7      141.6      66.47   -0.09554     -5.313      92.36      -16.1      66.79      203.5      87.13     -66.26     -73.19     -97.24      -1936      108.2     -7.902     -151.6      58.22      16.71      104.5      48.26      256.9      64.51      114.9      197.9     -134.9      125.4
     -105.5     -136.9     -82.64      68.16       19.3     -27.84      52.33      14.45     -199.6     -59.87       91.7     -1.915     -32.49      40.27      9.543     -2.638      20.98     -60.65     -48.91     -54.92      76.72      64.84     -46.51      10.76     -131.3      -62.4      141.1      12.92      149.6      242.4      141.7     -20.87      30.62      17.53     -102.4      21.65      58.69      -24.2     -99.55     -331.6     -257.3       15.6      72.34      108.2     -952.8      12.85     -26.49     -42.42      66.33     -308.4      97.57      98.58      61.23     -14.94      51.09       86.8      24.92
      131.1      167.3      20.71     -97.04     -77.87      56.83      -4.68       67.5     -270.9     -67.75      27.07     -12.64      49.07      29.04        173     -6.629      -12.1     -95.66      148.3      42.36     -52.58     -59.25     -161.2     -55.63     -163.6        158     -122.5        -45      48.01     -408.7      145.6        175      92.23     -29.23      45.95     -49.98      49.59        -92     -157.2      -1175     -15.58      10.85      33.87     -7.902      12.85      -2639      65.68      96.07      51.79     -376.7      188.9      222.7      91.35     -57.74       -231     -17.01      62.84
     -19.46      31.85       30.3      28.09       88.6     -70.56      44.58      85.51     -27.34     -108.9     -32.69     -8.495      54.06     -60.95      293.5        142      108.1     -25.23      49.75      56.51      138.8      39.92      44.29      45.14      170.8     -148.2      132.5     -159.1       52.5      155.2      175.6      59.79      116.5      61.36     -98.66      79.92     -129.4      184.1     -273.3      211.3     -52.87     -43.56      5.336     -151.6     -26.49      65.68      -2925      112.5      194.7     -464.1     -138.1     -71.95     -135.9     -84.36      86.66     -54.44      64.76
      51.61       -110     -73.51        141      150.4      134.7      13.39      43.67      105.9        120      61.94      26.84      78.18      96.15       54.6     -31.09      153.8      73.81     -362.5     -133.5       -437     -186.3      44.86      65.61     -62.51      125.4     -357.5      77.65      113.2      58.84     -229.9      36.12      186.9      37.18     -34.11     -112.7      89.74     -29.63     -337.2        229      122.3     -115.3      76.19      58.22     -42.42      96.07      112.5      -4530       -789      192.3      40.43     -33.92     -8.931      45.59     -61.15      12.57      24.21
      122.1      202.2      211.7      117.9      101.9      73.08        111      14.91     -116.5      122.3      132.1       99.5      55.97     -49.76     -82.02      78.99      126.2       46.1     -338.1     -168.4     -4.324     -7.422      86.49      57.33      542.9      87.14      123.9      2.034     -24.08     -7.532      37.13      109.3     -265.5     -9.024     -55.48      159.6      96.36     -242.8        157      254.7     -37.21      118.8      119.3      16.71      66.33      51.79      194.7       -789      -4087     -247.7     -83.45       -120     -180.6     -193.2     -65.49      78.79     -83.68
      205.7      89.29     -4.929      216.5      162.2      92.89     -7.456     -77.83     -260.3     -184.6      6.353        158     -14.97      80.75      166.6      104.9     -5.209      12.51      380.9     -296.5      309.5     -37.81      126.9      150.4      251.9     -219.5     -194.9      109.7     -225.6     -456.2      283.2      85.69     -158.6      34.37      102.5     -332.6      57.53       -138      129.8     0.8558     -23.98      22.48     -54.79      104.5     -308.4     -376.7     -464.1      192.3     -247.7      -6653     -122.2     -904.7      24.86      142.5      159.2     -284.3      40.43
      155.1     -141.8      71.61      84.38     -24.11     -28.83      141.2     -59.19      93.86      20.88      2.009     -81.75      105.1      19.25      16.15     -125.2        -27     -101.8      39.24     -15.41     -125.6     -8.317      71.12      135.5     -21.04     -15.97      63.92      11.24      32.63      21.69        162      167.6     -53.87      49.28      86.04     -56.43     -174.3     -81.51       15.9      295.9      266.6      94.54     -138.8      48.26      97.57      188.9     -138.1      40.43     -83.45     -122.2      -2649     -430.6      64.69     -51.43      36.06      40.07     -44.17
     -402.8     -379.8      42.62     -50.95      157.2      248.1      -90.2     -101.5     -36.44     -20.26     -194.4     -302.6     -201.9       -257      26.36      56.07     -126.2      41.29      590.9      171.1      41.81      335.5     -865.4      174.2       -562      159.9      137.8      54.57     -456.7     -206.1      105.8      65.08      -1098     -52.35     -92.99     -205.3      64.54      173.7      -83.7      222.6      342.7        162      200.9      256.9      98.58      222.7     -71.95     -33.92       -120     -904.7     -430.6      -8523     -663.5     -544.8     -150.9     -52.76     -99.54
      80.67      284.6     -33.88     -27.32     -56.49      21.03      7.955     -32.75      252.8      6.447      35.27      70.57      1.042     -2.651      50.82      5.927      25.72     -19.45      13.02      9.911      8.721     -90.41     -4.372      60.42      18.76      217.6       66.7     -118.6     -34.47     -72.39      -85.2     -19.37      23.86     -9.348     -19.38     -197.7      142.1      19.42      117.9        202      94.22      140.8       89.6      64.51      61.23      91.35     -135.9     -8.931     -180.6      24.86      64.69     -663.5      -2480     -76.58      135.9     -19.29      45.94
      -26.5     -119.7      85.55      210.6       -142      31.07      76.93      25.29      109.7      74.36      97.59      96.94      67.38     -43.36     -66.91     -17.51     -32.67       -103      80.77      38.18      247.4      113.4     -169.3      91.63     -163.1     -62.39     -37.82     -185.2     -165.3     -285.4     -32.13      129.8      72.54     -66.78      -13.6     -268.8     -84.22     -25.87     0.4462     -272.5     -341.7     -85.88      109.9      114.9     -14.94     -57.74     -84.36      45.59     -193.2      142.5     -51.43     -544.8     -76.58      -2419      161.5     -33.23    0.04892
     -16.39      118.2     -86.77      63.35      93.32     -96.38      51.51      -32.5        206      12.68      -70.9     -133.8      79.42      87.08     -31.35      -50.1      14.37      142.4      53.91      145.6     -41.22       12.9      27.96     -5.695      51.13     -186.8      116.9     -2.065     -78.58      173.6        142      20.37     -59.54      86.23      40.29      213.6      63.29     -28.51     -233.9     -340.1     -181.4     -89.88        169      197.9      51.09       -231      86.66     -61.15     -65.49      159.2      36.06     -150.9      135.9      161.5      -2843     -408.4     -287.8
     -15.85      69.58     -10.69      101.9      25.51       86.6      28.55     -23.84      63.33      40.49     -6.019      22.74      4.224     -4.334     -51.02     -29.41      20.79      3.168      167.4      188.2       61.9       53.3     -0.451     -10.78      12.01     -93.46     -66.33      9.779      71.15      12.97      118.2     -22.65      19.94      36.62      -25.9      60.18     -12.91      45.49     -55.43      130.4     -61.09     -46.54      -44.4     -134.9       86.8     -17.01     -54.44      12.57      78.79     -284.3      40.07     -52.76     -19.29     -33.23     -408.4      -1046      44.98
      11.09     -5.472      27.64      33.61     -2.068     -41.69      38.84     -7.457      66.93      16.79     -48.19      2.794     -21.19      19.28     -55.26     -65.32      72.03     -39.15      76.28      118.5      31.56      8.504     -69.68      23.68     -101.8     -45.03     -18.36     -11.53     -45.84      200.9      14.02        110     -54.67      74.72    -0.2024     -4.236     -8.801      101.7      79.84      128.6      45.33      8.964      24.04      125.4      24.92      62.84      64.76      24.21     -83.68      40.43     -44.17     -99.54      45.94    0.04892     -287.8      44.98       -823
