
 30

(((((t22: 0.172236, t11: 0.122156): 0.022852, (t6: 0.036684, t18: 0.046401): 0.108934): 0.044814, (((t9: 0.105023, t29: 0.088709): 0.129574, t7: 0.208252): 0.007376, (t28: 0.046077, t3: 0.052045): 0.141446): 0.010669): 0.105125, t2: 0.262647): 0.094254, t23: 0.281019, (((t13: 0.186334, (t24: 0.216203, ((t17: 0.224846, (t8: 0.096338, t16: 0.138711): 0.041315): 0.093043, t26: 0.214681): 0.022245): 0.019347): 0.070490, (t14: 0.103156, t1: 0.095098): 0.265161): 0.099699, (((t19: 0.214447, ((t10: 0.068561, t4: 0.044253): 0.130956, t20: 0.178270): 0.076576): 0.104208, ((t21: 0.143974, t12: 0.112498): 0.071572, t5: 0.335513): 0.136523): 0.131282, ((t30: 0.073454, t25: 0.074197): 0.177987, (t27: 0.232839, t15: 0.151934): 0.095346): 0.121119): 0.035071): 0.338465);

  0.094254  0.105125  0.044814  0.022852  0.172236  0.122156  0.108934  0.036684  0.046401  0.010669  0.007376  0.129574  0.105023  0.088709  0.208252  0.141446  0.046077  0.052045  0.262647  0.281019  0.338465  0.099699  0.070490  0.186334  0.019347  0.216203  0.022245  0.093043  0.224846  0.041315  0.096338  0.138711  0.214681  0.265161  0.103156  0.095098  0.035071  0.131282  0.104208  0.214447  0.076576  0.130956  0.068561  0.044253  0.178270  0.136523  0.071572  0.143974  0.112498  0.335513  0.121119  0.177987  0.073454  0.074197  0.095346  0.232839  0.151934

  0.000000  0.000000  0.000000  0.000000  0.000000  0.000000  0.000000  0.000000  0.000000  0.000000  0.000000  0.000000  0.000000  0.000000  0.000000  0.000000  0.000000  0.000000  0.000000  0.000000  0.000000  0.000000  0.000000  0.000000  0.000000  0.000000  0.000000  0.000000  0.000000  0.000000  0.000000  0.000000  0.000000  0.000000  0.000000  0.000000  0.000000  0.000000  0.000000  0.000000  0.000000  0.000000  0.000000  0.000000  0.000000  0.000000  0.000000  0.000000  0.000000  0.000000  0.000000  0.000000  0.000000  0.000000  0.000000  0.000000  0.000000


Hessian

      -3447     -301.1      226.7      194.9     -73.81     -117.3       -155        241      203.1     -89.72        252     -28.15     -202.2      122.6      182.3      -1.62      353.8      526.7      108.6     -301.5     -42.92      19.12      246.5      13.55     -277.3      67.09      376.8        117      14.42     -295.8      165.3      148.5     -14.53      8.127      3.468      25.55      52.64      146.1      29.38      146.9        184    -0.5795      6.832     -360.9      170.4        122       58.8      243.5        310      73.83     -63.62     -41.69     -173.4      143.7     -28.69      91.11      33.43
     -301.1      -3918      386.8      551.7      137.1        275     -10.66     -263.6     -329.6      246.8        722      216.6      120.7     -184.5      182.4      199.9     -44.98      205.4     -434.1     -40.31      84.37      64.78        204      84.43      230.3        115     -310.9       -338     -225.7      -86.7     -73.49      146.3     -238.9     -48.83      281.5      116.7     -10.24      53.78      238.7      99.62      62.11      200.4     -76.82      85.69      162.7     -97.13       -226     -31.48      94.87     -148.6      114.9     -5.097      116.9      -8.55        117      75.54      229.1
      226.7      386.8 -1.269e+04     -728.2      305.6     -30.29      37.05      387.6      387.3      -3657     -272.2      292.7     -30.64      213.4      163.9     -31.36      759.8      108.6      75.86     -131.6      210.9      6.126      40.74      377.4     -150.9     -206.5      373.6     -65.97      375.6     -328.1      127.8      376.4     -421.3      499.1     -435.7     -1.016     -204.1      229.1     -543.1     -131.6     -536.2      91.91      650.1      288.4     -96.93     -384.9     -29.23       -103      115.3      217.8      244.4     -64.72        111      382.7     -221.8     -359.1     -119.2
      194.9      551.7     -728.2 -1.827e+04     -422.3      -1212     -393.8      369.9     -582.8      42.01     -354.8     -524.3     -292.8      264.7     -53.48      330.2      508.2     -164.9     -99.49      17.23     -20.82      195.9     -897.9     -216.5      32.65      284.5        634      441.6       57.8      165.8      530.8      446.3      27.12      279.5     -45.63      320.7      313.8      5.053     -16.65     -113.9     -338.4      192.3      359.9     -434.1      63.35      257.3     -153.8      212.1     -174.4     -68.21      206.4      26.61      13.28       -485       -104     -240.1     -10.37
     -73.81      137.1      305.6     -422.3      -3906     -19.82     -42.63      76.38      63.29      204.1        197     -44.93     -366.5      239.1     -28.03     -16.33      204.1     -481.4      45.56     -69.29      26.41      42.68      244.6      95.51     -593.7     -74.19      371.1      250.6       -111     -77.83      361.3      411.1      180.2      234.9      26.56      151.3      87.86      65.98      151.4      229.8      261.5      10.75      390.4        584      98.04      92.66       -146     -17.01      102.6     -39.61     -33.87     -76.14      60.46      264.7     -31.25      117.2      6.591
     -117.3        275     -30.29      -1212     -19.82      -5457      261.2     -178.6      478.8      623.4      244.8     -205.3      430.1     -131.7      101.7      141.3      583.5      647.5      6.457     -18.62      86.56      228.1     -66.29      40.56     -52.05     -45.76       74.2      86.54     -145.5     -78.27     -118.9      49.57      140.6      202.5     -182.5      100.8      217.3      125.9      18.49      3.761       -202     -46.24      28.19      297.7      131.3      61.95     -203.2     -199.3      321.5     -24.16     -160.9      24.77     -17.94      77.39     -25.82     -5.157      40.96
       -155     -10.66      37.05     -393.8     -42.63      261.2      -6120     -225.3      159.2     -208.1      31.16     -164.4        201      146.2     -81.25     -290.7     -572.1     -202.7      150.5     -119.3      21.84      324.8      215.4     -50.77      45.26      18.49      303.1      202.3      -30.7      68.25      323.1      123.2      77.96      129.4     -253.4      80.22      251.8      273.7      336.3     -232.3     -98.52      96.86      -32.2      167.8      211.2      124.7      75.21      233.6        174      50.85      287.1      144.6      164.3      3.397      203.5     -459.9     -139.9
        241     -263.6      387.6      369.9      76.38     -178.6     -225.3 -2.024e+04      -2659     -514.5     -817.5      177.7     -897.1     -548.5     -167.2      281.8      133.2      612.9      242.5     -319.1     -54.89     -82.49     -422.5     -290.5     -88.01     -276.2     -307.6      114.7      238.5      518.5      21.36      487.2      153.1      80.04      391.2      864.5     -409.5      202.1     -109.7      5.104      680.3      459.4     -314.2      -1835      587.1      396.7     -213.3      443.2      196.8     -112.7      157.7     -378.5      205.3      421.2      650.7      473.8     -155.1
      203.1     -329.6      387.3     -582.8      63.29      478.8      159.2      -2659  -1.64e+04      814.4      983.4        144      612.2     -131.4      -43.4        316      883.6     -711.4     -277.7     -92.04      157.6     -130.5      112.7      -61.5     -919.9     -28.52     -293.9     -559.4     -245.6     -346.4     -520.3       -203      46.58      14.76     -46.42        206      398.5       -397     -337.4      58.19     0.8829      600.1      123.5     -67.55      383.3      130.7      -1003      339.6      280.8      165.5       -195     -6.692      218.8      510.5      147.5     -54.46      199.6
     -89.72      246.8      -3657      42.01      204.1      623.4     -208.1     -514.5      814.4 -2.864e+04      -3740     -110.4      -1845       40.2     -75.25       -485       -418      149.9     -52.49      77.34      376.7      142.7      291.2     -267.4      577.7      116.3      373.2      217.9      399.4     -78.07      506.1      -1343      551.9      47.42      539.9     -325.6      558.4      273.9        106     -355.2      585.1      225.9      772.4      868.2      43.08      27.98      464.4        526     -66.51     -236.2      632.8      365.6      25.79     -426.5     -188.9     -56.35      327.9
        252        722     -272.2     -354.8        197      244.8      31.16     -817.5      983.4      -3740 -2.618e+04      -2153        242     -209.9      -1422     -128.7     -632.4     -273.3      152.5      178.4     -37.56      147.6      486.7      37.75      235.4     -179.1      178.2       -270      42.51      830.8      54.78      789.2      143.3      191.2      512.9      483.4     -32.24     -96.35      145.4      124.7      310.6     -213.7     -238.4      338.8      99.33      71.03     -122.6       40.3     -250.1      26.34        218      -64.3     -872.1      156.8      313.4     -206.3      281.4
     -28.15      216.6      292.7     -524.3     -44.93     -205.3     -164.4      177.7        144     -110.4      -2153      -4724      215.2      50.53      108.7      65.69      127.8      437.2        214     -9.714      29.63      49.71      88.49      221.1      216.2      97.97      522.1      449.4     -19.74      175.6      106.9      -29.1     -38.22      177.6        160      305.1      27.88      164.7      89.62      68.72     -191.6      269.1      37.03      27.46     -105.9      208.5      92.27      144.6       9.73      44.59      25.68     -69.71      187.2     -159.8      5.503      168.8      177.5
     -202.2      120.7     -30.64     -292.8     -366.5      430.1        201     -897.1      612.2      -1845        242      215.2      -6271     -721.6      207.6     -167.2     -273.8      215.3     -56.82     -247.6      92.01      62.51        290     -47.56     -769.9      -56.8      425.5      131.1      254.3      357.2      260.7      158.4      183.9      224.2      136.4        272     -65.37      240.9      257.5     -133.9     -303.8     -18.12      327.7      270.7     -30.13      121.1     -2.686      39.55     -97.43      40.46     -326.9      145.6      435.1     -181.2      404.6      135.7     -40.81
      122.6     -184.5      213.4      264.7      239.1     -131.7      146.2     -548.5     -131.4       40.2     -209.9      50.53     -721.6      -7118     -36.24      143.4     -235.8      792.2     -48.83      26.51       59.5      128.4      164.3      149.8     -265.8     -37.46     -627.2     -89.21      248.2      339.1      333.9      61.68     -79.71      115.2      451.7      230.7     -32.73      18.39      142.1      385.4      142.9      243.7      835.1     -338.6       -265       73.8     -453.6      67.55     -282.2      81.74     -258.5        106      26.07      254.5     -62.79       41.1     -72.67
      182.3      182.4      163.9     -53.48     -28.03      101.7     -81.25     -167.2      -43.4     -75.25      -1422      108.7      207.6     -36.24      -2925     -58.05      710.5     -148.2     -22.44      41.25      46.13      86.02      94.49      115.6     -228.1     -57.74     -185.5     -63.73     -105.1       -329     -29.24      202.6      193.1     -57.63      253.9      116.4      224.6      219.3      80.18      199.2      189.7     -283.7     -28.65      328.9     -31.85        104      134.3      160.5     -28.26      20.79     -21.55     -18.35     -241.4      4.507      92.95      71.74     -126.2
      -1.62      199.9     -31.36      330.2     -16.33      141.3     -290.7      281.8        316       -485     -128.7      65.69     -167.2      143.4     -58.05      -4530     -143.3      313.4      72.66      26.57       53.1      119.1      116.7      3.557      355.9     -22.93      723.2        235      242.6      371.1      367.8      118.4      65.88      133.8      81.16     -165.5     -5.805      281.3      204.1     -41.81     -9.761      110.4     -158.2      414.7      217.4     -155.7     -133.3        174      67.83     -2.374      347.6      12.83     -33.56     -172.8      179.6      5.657     -110.5
      353.8     -44.98      759.8      508.2      204.1      583.5     -572.1      133.2      883.6       -418     -632.4      127.8     -273.8     -235.8      710.5     -143.3 -1.514e+04      -2229      95.76      206.1      109.3     -196.6      268.2     -94.15      313.1      226.5     -31.55      192.2     -24.11      594.3         60      607.7        646      59.05      41.24      584.1      98.68     -230.4      -14.6      444.1      348.2      570.8      198.9      771.9     -84.43      -5.47      230.7     -401.6       -484     -251.1      373.6      407.2     -434.1     -558.7     -98.88     -281.6      140.1
      526.7      205.4      108.6     -164.9     -481.4      647.5     -202.7      612.9     -711.4      149.9     -273.3      437.2      215.3      792.2     -148.2      313.4      -2229 -1.406e+04        201        195      12.98      146.3     -124.7        397     -359.4      195.1     -537.5      77.11      177.8     -183.1      67.85      278.5     -130.4     -158.2      242.5      336.7     -314.7       -123     -190.7      243.8      18.12      184.2     -189.5      960.7      56.35     -361.2     -172.9      131.7     -234.8     -185.6      23.39      84.38     -134.2      212.9      103.4     -37.79      421.8
      108.6     -434.1      75.86     -99.49      45.56      6.457      150.5      242.5     -277.7     -52.49      152.5        214     -56.82     -48.83     -22.44      72.66      95.76        201      -1867      90.18      71.66      74.67       46.3       25.9     -118.3         19       -168       -142     -37.05      159.7      61.38      84.18        102      86.07     -102.6     -13.48      232.2     -119.7      102.7       1.45      32.26      91.01      234.5     -29.99     -53.39      26.68      94.84      214.7     -101.8     -31.72         95        106      252.8      65.98     -176.1       99.9      18.94
     -301.5     -40.31     -131.6      17.23     -69.29     -18.62     -119.3     -319.1     -92.04      77.34      178.4     -9.714     -247.6      26.51      41.25      26.57      206.1        195      90.18      -1500      103.7      83.99      94.38     -23.56     -384.1      18.03      259.5      59.88      93.68      55.93      5.112      273.3      60.46     -32.77     -103.5      43.26      177.4      96.13     -2.252     -51.42      37.83      91.58     -22.06     -203.6      60.83      226.3        100    -0.2951     -50.54      22.24      49.18      88.52      24.54      125.1     -78.58      150.5      5.755
     -42.92      84.37      210.9     -20.82      26.41      86.56      21.84     -54.89      157.6      376.7     -37.56      29.63      92.01       59.5      46.13       53.1      109.3      12.98      71.66      103.7      -1234      14.81      118.3       28.1      327.9      15.94     -50.66      107.7      25.83      247.7      131.5     -7.682      57.27      18.76      79.96        125     -154.4     -29.01      88.83      103.6      97.26      61.18      54.72      197.3      85.76     -8.849      71.08      189.3        110     -11.44     -44.22      66.36     -83.68      27.82      166.1      111.5      -38.6
      19.12      64.78      6.126      195.9      42.68      228.1      324.8     -82.49     -130.5      142.7      147.6      49.71      62.51      128.4      86.02      119.1     -196.6      146.3      74.67      83.99      14.81      -3936     -653.4      179.5        138     -88.12      88.44     -182.6     -175.3     -204.6         91     -156.4      48.04      44.08      408.4      170.3      -1425     -155.9     -254.8      101.2      126.2       29.7      212.8     -465.8      93.85     -7.963      65.94      106.8      108.8     -12.27      52.09      35.78      247.7      248.3     -50.68      64.74      388.7
      246.5        204      40.74     -897.9      244.6     -66.29      215.4     -422.5      112.7      291.2      486.7      88.49        290      164.3      94.49      116.7      268.2     -124.7       46.3      94.38      118.3     -653.4      -5682      183.2     -569.9      234.6      211.4     -61.79      115.1     -144.4      430.5      73.33     -144.3     -288.9      190.5     -72.19     -272.8     -104.7      35.73      130.9      91.73     -81.55     -70.34     -508.4      17.38       41.8      154.5      76.55     -13.57      83.58     -10.35       -143     -13.98     -41.41        155     -109.6      210.7
      13.55      84.43      377.4     -216.5      95.51      40.56     -50.77     -290.5      -61.5     -267.4      37.75      221.1     -47.56      149.8      115.6      3.557     -94.15        397       25.9     -23.56       28.1      179.5      183.2      -3079     -755.7      7.267     -37.93     -177.4      13.09     -125.4     -105.8      134.6      376.2     -24.38     -462.6       -194      213.3     -34.79      -8.04     -62.81      150.9      50.72     -127.8      190.8      96.64      -69.6     -28.85      144.6      223.3      68.39      11.67      167.6      180.7      330.3      214.6      52.06     -354.7
     -277.3      230.3     -150.9      32.65     -593.7     -52.05      45.26     -88.01     -919.9      577.7      235.4      216.2     -769.9     -265.8     -228.1      355.9      313.1     -359.4     -118.3     -384.1      327.9        138     -569.9     -755.7 -1.464e+04     -179.3      -1863     -494.5     -248.8      257.4      518.5      287.7      192.2      263.8     -669.9     -113.4      268.3      241.5     -231.6     -249.8     -416.7      47.38      -1195        678      169.6      206.2     -174.3      557.2     -112.8     -314.2     -130.1     -28.95     -587.1      692.3      71.59      26.99     -100.5
      67.09        115     -206.5      284.5     -74.19     -45.76      18.49     -276.2     -28.52      116.3     -179.1      97.97      -56.8     -37.46     -57.74     -22.93      226.5      195.1         19      18.03      15.94     -88.12      234.6      7.267     -179.3      -2668     -431.4      150.3      76.19     -25.63     -279.1      142.5     -21.31      103.1     -13.19      57.66     -141.4      185.6      124.4     -46.79     -24.94      209.5      252.9     -91.48     -3.391      146.3      196.9      176.6     -12.96      139.4     -44.97      47.26      318.4      421.2     -10.03      33.82     -25.31
      376.8     -310.9      373.6        634      371.1       74.2      303.1     -307.6     -293.9      373.2      178.2      522.1      425.5     -627.2     -185.5      723.2     -31.55     -537.5       -168      259.5     -50.66      88.44      211.4     -37.93      -1863     -431.4 -1.405e+04      -1084     -200.8     -358.5      178.3      244.9     -345.7     -105.5     -220.6      348.5      192.7      189.5     -810.9     -290.9      106.8      435.3       -233       1053      437.5      179.4     -547.2      168.2     -135.4     -409.4     -146.3     -288.6      381.2      369.4      139.2      170.4      310.2
        117       -338     -65.97      441.6      250.6      86.54      202.3      114.7     -559.4      217.9       -270      449.4      131.1     -89.21     -63.73        235      192.2      77.11       -142      59.88      107.7     -182.6     -61.79     -177.4     -494.5      150.3      -1084      -5354      226.8     -725.4      155.2     -79.62      99.45      133.9      184.5      220.3      15.59     -33.73     -98.21     -300.4      64.23     -63.68      112.6      328.8      62.56     -120.6     -203.8      76.77     -53.42     -74.54     -29.97      193.3      -1.58     -289.5     -147.8      139.1      219.7
      14.42     -225.7      375.6       57.8       -111     -145.5      -30.7      238.5     -245.6      399.4      42.51     -19.74      254.3      248.2     -105.1      242.6     -24.11      177.8     -37.05      93.68      25.83     -175.3      115.1      13.09     -248.8      76.19     -200.8      226.8      -2566     -429.3     -227.3      204.9      41.33      32.36     -101.8      138.3      -26.4      26.37        213      35.18     -40.39     -26.75     -214.9        487      50.06        220      219.4      -38.9     -28.15      201.6      155.9      100.9      137.6      68.06      -60.2      93.05     -128.4
     -295.8      -86.7     -328.1      165.8     -77.83     -78.27      68.25      518.5     -346.4     -78.07      830.8      175.6      357.2      339.1       -329      371.1      594.3     -183.1      159.7      55.93      247.7     -204.6     -144.4     -125.4      257.4     -25.63     -358.5     -725.4     -429.3 -1.106e+04     -15.74      337.4      299.8      86.53      303.5       -232      138.8       20.2     -77.67        163     -186.9      73.21      346.7      799.2      155.1     -152.3     -211.9     -191.8      85.43      177.2      142.9     -108.1      296.3      100.3     -71.13     -40.94      57.07
      165.3     -73.49      127.8      530.8      361.3     -118.9      323.1      21.36     -520.3      506.1      54.78      106.9      260.7      333.9     -29.24      367.8         60      67.85      61.38      5.112      131.5         91      430.5     -105.8      518.5     -279.1      178.3      155.2     -227.3     -15.74      -6610     -482.5      39.59        175       -111     -93.45      24.93      159.8      278.7      45.26      270.5      26.23     -283.7     -7.199         10       79.2      47.36      20.61      273.3        280        413     -81.57      362.7      756.2      176.1      72.58     -184.2
      148.5      146.3      376.4      446.3      411.1      49.57      123.2      487.2       -203      -1343      789.2      -29.1      158.4      61.68      202.6      118.4      607.7      278.5      84.18      273.3     -7.682     -156.4      73.33      134.6      287.7      142.5      244.9     -79.62      204.9      337.4     -482.5      -4576      21.15      41.92        175      112.8      3.545      2.788     -20.14     -22.39     -102.2     -19.96        113     -194.4      1.678      17.67      144.5       -134     -10.97     -9.199      152.8      24.43       -165      323.1      249.6      141.4       -125
     -14.53     -238.9     -421.3      27.12      180.2      140.6      77.96      153.1      46.58      551.9      143.3     -38.22      183.9     -79.71      193.1      65.88        646     -130.4        102      60.46      57.27      48.04     -144.3      376.2      192.2     -21.31     -345.7      99.45      41.33      299.8      39.59      21.15      -2823      102.9      153.1      129.8     -145.5      228.8      72.11     0.9886     -85.62         14      118.9     -54.57      90.62      121.7     -99.36      39.09      79.59      52.63      119.2       -225      216.7      138.1      98.83    -0.1147      56.72
      8.127     -48.83      499.1      279.5      234.9      202.5      129.4      80.04      14.76      47.42      191.2      177.6      224.2      115.2     -57.63      133.8      59.05     -158.2      86.07     -32.77      18.76      44.08     -288.9     -24.38      263.8      103.1     -105.5      133.9      32.36      86.53        175      41.92      102.9      -1799      145.2       31.5      156.5      58.66      204.4     -12.12      45.57     -185.3     -163.5       -127      82.69      65.58      128.6      108.6      4.987      24.18     -125.6      172.7      25.12     -51.01      6.712     -51.96        134
      3.468      281.5     -435.7     -45.63      26.56     -182.5     -253.4      391.2     -46.42      539.9      512.9        160      136.4      451.7      253.9      81.16      41.24      242.5     -102.6     -103.5      79.96      408.4      190.5     -462.6     -669.9     -13.19     -220.6      184.5     -101.8      303.5       -111        175      153.1      145.2      -5576      -1688      388.3      84.96       89.7     -141.2     -44.96      155.7     -23.53      444.7      49.43     -53.67     -114.9      304.7      441.7      88.93      22.07      202.3      20.74        316     -15.41     -109.9     -244.6
      25.55      116.7     -1.016      320.7      151.3      100.8      80.22      864.5        206     -325.6      483.4      305.1        272      230.7      116.4     -165.5      584.1      336.7     -13.48      43.26        125      170.3     -72.19       -194     -113.4      57.66      348.5      220.3      138.3       -232     -93.45      112.8      129.8       31.5      -1688      -5939      359.8     -68.34      135.5     -6.482      19.42     -63.09        594      487.7     -265.4     -38.64     -139.3      221.1      367.1     -37.71     -53.23      68.88      463.1      297.9     -47.96       28.6     -65.32
      52.64     -10.24     -204.1      313.8      87.86      217.3      251.8     -409.5      398.5      558.4     -32.24      27.88     -65.37     -32.73      224.6     -5.805      98.68     -314.7      232.2      177.4     -154.4      -1425     -272.8      213.3      268.3     -141.4      192.7      15.59      -26.4      138.8      24.93      3.545     -145.5      156.5      388.3      359.8      -6799       -449      20.01     -119.4     -25.05      6.787      383.1     -80.44      56.32      240.5      19.57      85.43      263.5     -56.66     -452.1      24.66      375.3      445.8      120.1     -18.88      168.1
      146.1      53.78      229.1      5.053      65.98      125.9      273.7      202.1       -397      273.9     -96.35      164.7      240.9      18.39      219.3      281.3     -230.4       -123     -119.7      96.13     -29.01     -155.9     -104.7     -34.79      241.5      185.6      189.5     -33.73      26.37       20.2      159.8      2.788      228.8      58.66      84.96     -68.34       -449      -3288     -241.7      168.4      51.93      114.3     -61.11      173.4      135.2      10.31      85.32      200.3     -125.6      13.23     -115.6        107      263.1        368     -193.7      31.96     -87.74
      29.38      238.7     -543.1     -16.65      151.4      18.49      336.3     -109.7     -337.4        106      145.4      89.62      257.5      142.1      80.18      204.1      -14.6     -190.7      102.7     -2.252      88.83     -254.8      35.73      -8.04     -231.6      124.4     -810.9     -98.21        213     -77.67      278.7     -20.14      72.11      204.4       89.7      135.5      20.01     -241.7      -3863       58.4     -164.1      248.7      53.11     -294.1      139.3     -207.2      -36.6     -8.061      88.93      22.45      7.518     -138.8     -255.5      96.86      78.54      45.71      3.277
      146.9      99.62     -131.6     -113.9      229.8      3.761     -232.3      5.104      58.19     -355.2      124.7      68.72     -133.9      385.4      199.2     -41.81      444.1      243.8       1.45     -51.42      103.6      101.2      130.9     -62.81     -249.8     -46.79     -290.9     -300.4      35.18        163      45.26     -22.39     0.9886     -12.12     -141.2     -6.482     -119.4      168.4       58.4      -2414       -231      66.05      38.96     -7.451      104.6      207.7     -74.12     -107.1      109.4      34.69      157.1      217.9      8.703     -210.9     -46.46      53.57      24.02
        184      62.11     -536.2     -338.4      261.5       -202     -98.52      680.3     0.8829      585.1      310.6     -191.6     -303.8      142.9      189.7     -9.761      348.2      18.12      32.26      37.83      97.26      126.2      91.73      150.9     -416.7     -24.94      106.8      64.23     -40.39     -186.9      270.5     -102.2     -85.62      45.57     -44.96      19.42     -25.05      51.93     -164.1       -231      -5235       -221      455.3      502.4     -136.7        103     -174.2     -125.4     -39.01      80.73     -66.28      92.75     -213.7      -95.4      249.4     -66.79      180.3
    -0.5795      200.4      91.91      192.3      10.75     -46.24      96.86      459.4      600.1      225.9     -213.7      269.1     -18.12      243.7     -283.7      110.4      570.8      184.2      91.01      91.58      61.18       29.7     -81.55      50.72      47.38      209.5      435.3     -63.68     -26.75      73.21      26.23     -19.96         14     -185.3      155.7     -63.09      6.787      114.3      248.7      66.05       -221      -3984      392.5      161.1     -272.8      23.31        -22     -347.2     -83.35      34.52      8.268      22.43       48.9      129.1      183.1     -11.53      18.81
      6.832     -76.82      650.1      359.9      390.4      28.19      -32.2     -314.2      123.5      772.4     -238.4      37.03      327.7      835.1     -28.65     -158.2      198.9     -189.5      234.5     -22.06      54.72      212.8     -70.34     -127.8      -1195      252.9       -233      112.6     -214.9      346.7     -283.7        113      118.9     -163.5     -23.53        594      383.1     -61.11      53.11      38.96      455.3      392.5 -1.026e+04      -2559      238.7      55.21      183.1      380.1     -6.499      12.55      266.7      103.3      128.8      -6.27     -26.53     -51.63       -367
     -360.9      85.69      288.4     -434.1        584      297.7      167.8      -1835     -67.55      868.2      338.8      27.46      270.7     -338.6      328.9      414.7      771.9      960.7     -29.99     -203.6      197.3     -465.8     -508.4      190.8        678     -91.48       1053      328.8        487      799.2     -7.199     -194.4     -54.57       -127      444.7      487.7     -80.44      173.4     -294.1     -7.451      502.4      161.1      -2559 -1.493e+04     -153.4      279.3      777.7      277.5      434.7        127      3.311     -283.7      681.7      566.2     -170.9      579.7      324.9
      170.4      162.7     -96.93      63.35      98.04      131.3      211.2      587.1      383.3      43.08      99.33     -105.9     -30.13       -265     -31.85      217.4     -84.43      56.35     -53.39      60.83      85.76      93.85      17.38      96.64      169.6     -3.391      437.5      62.56      50.06      155.1         10      1.678      90.62      82.69      49.43     -265.4      56.32      135.2      139.3      104.6     -136.7     -272.8      238.7     -153.4      -3095     -49.27      86.64     -260.3     -244.6      116.6      54.78     -74.53      397.3      101.9      27.48      174.5      128.7
        122     -97.13     -384.9      257.3      92.66      61.95      124.7      396.7      130.7      27.98      71.03      208.5      121.1       73.8        104     -155.7      -5.47     -361.2      26.68      226.3     -8.849     -7.963       41.8      -69.6      206.2      146.3      179.4     -120.6        220     -152.3       79.2      17.67      121.7      65.58     -53.67     -38.64      240.5      10.31     -207.2      207.7        103      23.31      55.21      279.3     -49.27      -3132     -459.2      139.5      199.2      200.3      201.7      92.24      21.74      73.12      191.5     -98.38      269.1
       58.8       -226     -29.23     -153.8       -146     -203.2      75.21     -213.3      -1003      464.4     -122.6      92.27     -2.686     -453.6      134.3     -133.3      230.7     -172.9      94.84        100      71.08      65.94      154.5     -28.85     -174.3      196.9     -547.2     -203.8      219.4     -211.9      47.36      144.5     -99.36      128.6     -114.9     -139.3      19.57      85.32      -36.6     -74.12     -174.2        -22      183.1      777.7      86.64     -459.2      -4914      141.1       52.5     -134.6      218.2     -59.97     -235.9     -280.8      391.1     -166.7      215.3
      243.5     -31.48       -103      212.1     -17.01     -199.3      233.6      443.2      339.6        526       40.3      144.6      39.55      67.55      160.5        174     -401.6      131.7      214.7    -0.2951      189.3      106.8      76.55      144.6      557.2      176.6      168.2      76.77      -38.9     -191.8      20.61       -134      39.09      108.6      304.7      221.1      85.43      200.3     -8.061     -107.1     -125.4     -347.2      380.1      277.5     -260.3      139.5      141.1      -4139     -724.8      78.44      72.44        207     -386.9     -85.68      200.4      108.2      380.3
        310      94.87      115.3     -174.4      102.6      321.5        174      196.8      280.8     -66.51     -250.1       9.73     -97.43     -282.2     -28.26      67.83       -484     -234.8     -101.8     -50.54        110      108.8     -13.57      223.3     -112.8     -12.96     -135.4     -53.42     -28.15      85.43      273.3     -10.97      79.59      4.987      441.7      367.1      263.5     -125.6      88.93      109.4     -39.01     -83.35     -6.499      434.7     -244.6      199.2       52.5     -724.8      -4992      14.61      130.5      294.2     -187.4     -236.8      240.3      75.17      178.2
      73.83     -148.6      217.8     -68.21     -39.61     -24.16      50.85     -112.7      165.5     -236.2      26.34      44.59      40.46      81.74      20.79     -2.374     -251.1     -185.6     -31.72      22.24     -11.44     -12.27      83.58      68.39     -314.2      139.4     -409.4     -74.54      201.6      177.2        280     -9.199      52.63      24.18      88.93     -37.71     -56.66      13.23      22.45      34.69      80.73      34.52      12.55        127      116.6      200.3     -134.6      78.44      14.61      -1375       74.4      7.471      4.761      58.26     -5.104      43.75      59.15
     -63.62      114.9      244.4      206.4     -33.87     -160.9      287.1      157.7       -195      632.8        218      25.68     -326.9     -258.5     -21.55      347.6      373.6      23.39         95      49.18     -44.22      52.09     -10.35      11.67     -130.1     -44.97     -146.3     -29.97      155.9      142.9        413      152.8      119.2     -125.6      22.07     -53.23     -452.1     -115.6      7.518      157.1     -66.28      8.268      266.7      3.311      54.78      201.7      218.2      72.44      130.5       74.4      -3434     -47.82      101.3      213.2     -328.2      145.9      71.58
     -41.69     -5.097     -64.72      26.61     -76.14      24.77      144.6     -378.5     -6.692      365.6      -64.3     -69.71      145.6        106     -18.35      12.83      407.2      84.38        106      88.52      66.36      35.78       -143      167.6     -28.95      47.26     -288.6      193.3      100.9     -108.1     -81.57      24.43       -225      172.7      202.3      68.88      24.66        107     -138.8      217.9      92.75      22.43      103.3     -283.7     -74.53      92.24     -59.97        207      294.2      7.471     -47.82      -2775      137.9      100.4     -319.3     -10.88     -3.343
     -173.4      116.9        111      13.28      60.46     -17.94      164.3      205.3      218.8      25.79     -872.1      187.2      435.1      26.07     -241.4     -33.56     -434.1     -134.2      252.8      24.54     -83.68      247.7     -13.98      180.7     -587.1      318.4      381.2      -1.58      137.6      296.3      362.7       -165      216.7      25.12      20.74      463.1      375.3      263.1     -255.5      8.703     -213.7       48.9      128.8      681.7      397.3      21.74     -235.9     -386.9     -187.4      4.761      101.3      137.9      -8357      -2269      340.2      21.58     -412.2
      143.7      -8.55      382.7       -485      264.7      77.39      3.397      421.2      510.5     -426.5      156.8     -159.8     -181.2      254.5      4.507     -172.8     -558.7      212.9      65.98      125.1      27.82      248.3     -41.41      330.3      692.3      421.2      369.4     -289.5      68.06      100.3      756.2      323.1      138.1     -51.01        316      297.9      445.8        368      96.86     -210.9      -95.4      129.1      -6.27      566.2      101.9      73.12     -280.8     -85.68     -236.8      58.26      213.2      100.4      -2269      -8433      225.6      1.504     -103.8
     -28.69        117     -221.8       -104     -31.25     -25.82      203.5      650.7      147.5     -188.9      313.4      5.503      404.6     -62.79      92.95      179.6     -98.88      103.4     -176.1     -78.58      166.1     -50.68        155      214.6      71.59     -10.03      139.2     -147.8      -60.2     -71.13      176.1      249.6      98.83      6.712     -15.41     -47.96      120.1     -193.7      78.54     -46.46      249.4      183.1     -26.53     -170.9      27.48      191.5      391.1      200.4      240.3     -5.104     -328.2     -319.3      340.2      225.6      -4576      197.2     -24.96
      91.11      75.54     -359.1     -240.1      117.2     -5.157     -459.9      473.8     -54.46     -56.35     -206.3      168.8      135.7       41.1      71.74      5.657     -281.6     -37.79       99.9      150.5      111.5      64.74     -109.6      52.06      26.99      33.82      170.4      139.1      93.05     -40.94      72.58      141.4    -0.1147     -51.96     -109.9       28.6     -18.88      31.96      45.71      53.57     -66.79     -11.53     -51.63      579.7      174.5     -98.38     -166.7      108.2      75.17      43.75      145.9     -10.88      21.58      1.504      197.2      -2154     -13.17
      33.43      229.1     -119.2     -10.37      6.591      40.96     -139.9     -155.1      199.6      327.9      281.4      177.5     -40.81     -72.67     -126.2     -110.5      140.1      421.8      18.94      5.755      -38.6      388.7      210.7     -354.7     -100.5     -25.31      310.2      219.7     -128.4      57.07     -184.2       -125      56.72        134     -244.6     -65.32      168.1     -87.74      3.277      24.02      180.3      18.81       -367      324.9      128.7      269.1      215.3      380.3      178.2      59.15      71.58     -3.343     -412.2     -103.8     -24.96     -13.17      -3280
