

TREE # 1
   1  29145.93839 x   0.07303  0.07857  0.03415  0.01742  0.12815  0.09073  0.08132  0.02732  0.03439  0.00707  0.00552  0.09758  0.07886  0.06606  0.15642  0.10639  0.03421  0.03886  0.20064  0.21322  0.26291  0.07642  0.05300  0.14123  0.01443  0.16290  0.01694  0.07004  0.17014  0.03154  0.07277  0.10434  0.16294  0.20371  0.07918  0.07074  0.02611  0.10171  0.08037  0.16403  0.05862  0.10017  0.05243  0.03271  0.13612  0.10491  0.05454  0.10954  0.08554  0.25855  0.09325  0.13775  0.05647  0.05572  0.07355  0.17890  0.11649  0.45547
   2  28947.70625 x   0.09230  0.10203  0.04328  0.02241  0.16550  0.11736  0.10471  0.03536  0.04456  0.01023  0.00760  0.12499  0.10140  0.08531  0.20051  0.13628  0.04446  0.05011  0.25400  0.27183  0.32910  0.09690  0.06852  0.18033  0.01874  0.20930  0.02172  0.09033  0.21801  0.04003  0.09358  0.13417  0.20824  0.25810  0.10063  0.09187  0.03436  0.12805  0.10179  0.20858  0.07473  0.12767  0.06674  0.04276  0.17316  0.13306  0.07010  0.14020  0.10926  0.32729  0.11838  0.17380  0.07173  0.07188  0.09316  0.22738  0.14798  1.00704
   3  28942.00088 x   0.09321  0.10356  0.04417  0.02279  0.16868  0.11969  0.10684  0.03611  0.04550  0.01049  0.00763  0.12722  0.10330  0.08704  0.20415  0.13888  0.04542  0.05110  0.25785  0.27594  0.33273  0.09844  0.06961  0.18350  0.01923  0.21284  0.02220  0.09188  0.22146  0.04079  0.09518  0.13653  0.21139  0.26132  0.10233  0.09357  0.03474  0.12979  0.10327  0.21178  0.07582  0.12959  0.06797  0.04359  0.17597  0.13502  0.07124  0.14265  0.11110  0.33137  0.12008  0.17631  0.07310  0.07329  0.09459  0.23086  0.15032  1.17450
   4  28941.85384 x   0.09403  0.10454  0.04451  0.02286  0.17060  0.12102  0.10798  0.03643  0.04599  0.01059  0.00755  0.12851  0.10426  0.08796  0.20637  0.14029  0.04579  0.05162  0.26047  0.27875  0.33591  0.09918  0.07014  0.18503  0.01929  0.21475  0.02226  0.09257  0.22339  0.04109  0.09588  0.13777  0.21328  0.26354  0.10286  0.09444  0.03493  0.13062  0.10383  0.21334  0.07628  0.13041  0.06833  0.04398  0.17731  0.13584  0.07151  0.14344  0.11191  0.33377  0.12067  0.17725  0.07329  0.07382  0.09502  0.23200  0.15125  1.18005
   5  28941.81878 x   0.09423  0.10508  0.04479  0.02285  0.17211  0.12207  0.10886  0.03666  0.04637  0.01066  0.00739  0.12949  0.10496  0.08865  0.20810  0.14135  0.04605  0.05201  0.26248  0.28085  0.33828  0.09966  0.07046  0.18623  0.01934  0.21609  0.02224  0.09300  0.22473  0.04130  0.09630  0.13864  0.21457  0.26504  0.10313  0.09504  0.03506  0.13123  0.10418  0.21436  0.07655  0.13091  0.06854  0.04423  0.17819  0.13646  0.07156  0.14392  0.11245  0.33538  0.12108  0.17793  0.07344  0.07416  0.09532  0.23277  0.15188  1.18243
   6  28941.81824 x   0.09424  0.10511  0.04480  0.02285  0.17218  0.12212  0.10890  0.03668  0.04639  0.01067  0.00738  0.12954  0.10500  0.08868  0.20819  0.14141  0.04607  0.05203  0.26257  0.28094  0.33838  0.09968  0.07048  0.18629  0.01934  0.21615  0.02225  0.09303  0.22480  0.04131  0.09632  0.13868  0.21463  0.26510  0.10315  0.09508  0.03507  0.13126  0.10420  0.21441  0.07657  0.13094  0.06855  0.04424  0.17824  0.13650  0.07157  0.14396  0.11248  0.33545  0.12110  0.17796  0.07345  0.07418  0.09533  0.23281  0.15191  1.18395
   7  28941.81821 x   0.09425  0.10512  0.04481  0.02285  0.17221  0.12214  0.10892  0.03668  0.04639  0.01067  0.00738  0.12956  0.10501  0.08870  0.20823  0.14143  0.04607  0.05204  0.26262  0.28099  0.33843  0.09969  0.07048  0.18632  0.01935  0.21618  0.02225  0.09304  0.22483  0.04131  0.09633  0.13870  0.21466  0.26514  0.10315  0.09509  0.03507  0.13127  0.10420  0.21443  0.07657  0.13095  0.06856  0.04425  0.17826  0.13651  0.07157  0.14397  0.11249  0.33549  0.12111  0.17798  0.07345  0.07419  0.09534  0.23283  0.15192  1.18403
   8  28941.81820 x   0.09425  0.10512  0.04481  0.02285  0.17223  0.12215  0.10893  0.03668  0.04640  0.01067  0.00738  0.12957  0.10502  0.08871  0.20824  0.14144  0.04608  0.05204  0.26263  0.28101  0.33845  0.09970  0.07049  0.18633  0.01935  0.21619  0.02225  0.09304  0.22484  0.04131  0.09634  0.13871  0.21467  0.26515  0.10315  0.09509  0.03507  0.13128  0.10421  0.21444  0.07657  0.13095  0.06856  0.04425  0.17826  0.13652  0.07157  0.14397  0.11249  0.33550  0.12112  0.17798  0.07345  0.07419  0.09534  0.23283  0.15193  1.18407
   9  28941.81820 x   0.09425  0.10512  0.04481  0.02285  0.17223  0.12215  0.10893  0.03668  0.04640  0.01067  0.00738  0.12957  0.10502  0.08871  0.20825  0.14144  0.04608  0.05204  0.26264  0.28101  0.33846  0.09970  0.07049  0.18633  0.01935  0.21620  0.02225  0.09304  0.22484  0.04131  0.09634  0.13871  0.21468  0.26516  0.10316  0.09510  0.03507  0.13128  0.10421  0.21444  0.07657  0.13095  0.06856  0.04425  0.17827  0.13652  0.07157  0.14397  0.11250  0.33551  0.12112  0.17799  0.07345  0.07420  0.09535  0.23284  0.15193  1.18408
  10  28941.81820 x   0.09425  0.10513  0.04481  0.02285  0.17223  0.12216  0.10893  0.03668  0.04640  0.01067  0.00738  0.12957  0.10502  0.08871  0.20825  0.14144  0.04608  0.05204  0.26265  0.28102  0.33846  0.09970  0.07049  0.18633  0.01935  0.21620  0.02225  0.09304  0.22484  0.04131  0.09634  0.13871  0.21468  0.26516  0.10316  0.09510  0.03507  0.13128  0.10421  0.21445  0.07658  0.13096  0.06856  0.04425  0.17827  0.13652  0.07157  0.14397  0.11250  0.33551  0.12112  0.17799  0.07345  0.07420  0.09535  0.23284  0.15193  1.18408
  11  28941.81820 x   0.09425  0.10513  0.04481  0.02285  0.17224  0.12216  0.10893  0.03668  0.04640  0.01067  0.00738  0.12957  0.10502  0.08871  0.20825  0.14145  0.04608  0.05204  0.26265  0.28102  0.33846  0.09970  0.07049  0.18633  0.01935  0.21620  0.02225  0.09304  0.22485  0.04131  0.09634  0.13871  0.21468  0.26516  0.10316  0.09510  0.03507  0.13128  0.10421  0.21445  0.07658  0.13096  0.06856  0.04425  0.17827  0.13652  0.07157  0.14397  0.11250  0.33551  0.12112  0.17799  0.07345  0.07420  0.09535  0.23284  0.15193  1.18409
