

TREE # 1
   1  24891.06741 x   0.19091  0.02755  0.02847  0.00513  0.12357  0.06020  0.03321  0.02310  0.03404  0.10530  0.15558  0.12021  0.04484  0.03676  0.02233  0.13891  0.12063  0.04146  0.03005  0.05041  0.06750  0.18852  0.07936  0.15652  0.04539  0.09571  0.07361  0.17003  0.11332  0.08312  0.09017  0.05353  0.17072  0.07830  0.10386  0.01751  0.10791  0.07800  0.10380  0.11472  0.13682  0.11453  0.00405  0.00248  0.05036  0.23566  0.01463  0.08573  0.14087  0.04779  0.08965  0.11483  0.07312  0.05841  0.12356  0.14420  0.17316  0.90105
   2  24875.55695 x   0.19703  0.02866  0.02985  0.00540  0.12788  0.06212  0.03487  0.02400  0.03536  0.10904  0.16106  0.12409  0.04638  0.03832  0.02307  0.14378  0.12435  0.04324  0.03118  0.05246  0.06963  0.19468  0.08189  0.16179  0.04703  0.09924  0.07631  0.17512  0.11720  0.08607  0.09315  0.05526  0.17556  0.08099  0.10743  0.01881  0.11128  0.08080  0.10742  0.11830  0.14133  0.11852  0.00432  0.00258  0.05194  0.24235  0.01582  0.08866  0.14573  0.04970  0.09302  0.11892  0.07586  0.06058  0.12803  0.14932  0.17886  1.17719
   3  24874.96170 x   0.20139  0.02908  0.03043  0.00537  0.13085  0.06343  0.03563  0.02446  0.03619  0.11153  0.16473  0.12687  0.04727  0.03919  0.02340  0.14690  0.12710  0.04406  0.03186  0.05307  0.07079  0.19855  0.08340  0.16475  0.04797  0.10103  0.07782  0.17848  0.11913  0.08777  0.09464  0.05580  0.17845  0.08215  0.10947  0.01890  0.11314  0.08198  0.10933  0.12005  0.14337  0.12053  0.00439  0.00262  0.05232  0.24588  0.01590  0.08967  0.14772  0.05027  0.09420  0.12070  0.07659  0.06087  0.12958  0.15132  0.18122  1.19554
   4  24874.84756 x   0.20369  0.02926  0.03067  0.00529  0.13233  0.06410  0.03597  0.02466  0.03661  0.11275  0.16651  0.12822  0.04766  0.03960  0.02344  0.14835  0.12842  0.04438  0.03218  0.05322  0.07118  0.20027  0.08405  0.16600  0.04838  0.10176  0.07850  0.17996  0.11985  0.08852  0.09537  0.05610  0.17974  0.08255  0.11034  0.01886  0.11391  0.08240  0.11013  0.12074  0.14413  0.12135  0.00442  0.00264  0.05257  0.24744  0.01596  0.09012  0.14856  0.05050  0.09465  0.12142  0.07695  0.06100  0.13023  0.15215  0.18220  1.20294
   5  24874.82532 x   0.20527  0.02941  0.03084  0.00520  0.13331  0.06453  0.03618  0.02478  0.03689  0.11354  0.16767  0.12908  0.04790  0.03986  0.02343  0.14927  0.12927  0.04457  0.03239  0.05330  0.07142  0.20136  0.08446  0.16678  0.04865  0.10220  0.07893  0.18088  0.12028  0.08899  0.09580  0.05629  0.18057  0.08279  0.11088  0.01883  0.11440  0.08266  0.11063  0.12118  0.14461  0.12187  0.00443  0.00265  0.05272  0.24840  0.01599  0.09039  0.14908  0.05064  0.09493  0.12186  0.07717  0.06108  0.13062  0.15266  0.18281  1.20579
   6  24874.82487 x   0.20534  0.02942  0.03085  0.00520  0.13335  0.06455  0.03619  0.02479  0.03690  0.11358  0.16772  0.12912  0.04791  0.03987  0.02343  0.14931  0.12931  0.04458  0.03240  0.05330  0.07143  0.20141  0.08448  0.16682  0.04866  0.10222  0.07895  0.18092  0.12031  0.08901  0.09582  0.05630  0.18061  0.08281  0.11090  0.01883  0.11442  0.08267  0.11065  0.12120  0.14464  0.12189  0.00443  0.00265  0.05273  0.24844  0.01599  0.09040  0.14911  0.05065  0.09495  0.12189  0.07718  0.06109  0.13065  0.15269  0.18284  1.20746
   7  24874.82486 x   0.20537  0.02942  0.03085  0.00520  0.13337  0.06456  0.03619  0.02479  0.03691  0.11359  0.16774  0.12913  0.04792  0.03988  0.02343  0.14933  0.12932  0.04459  0.03241  0.05331  0.07143  0.20143  0.08449  0.16684  0.04867  0.10223  0.07896  0.18094  0.12032  0.08902  0.09583  0.05630  0.18063  0.08281  0.11092  0.01883  0.11443  0.08268  0.11066  0.12121  0.14465  0.12190  0.00443  0.00265  0.05273  0.24846  0.01599  0.09041  0.14912  0.05065  0.09496  0.12190  0.07719  0.06109  0.13065  0.15270  0.18285  1.20755
   8  24874.82485 x   0.20538  0.02943  0.03085  0.00519  0.13338  0.06457  0.03619  0.02479  0.03691  0.11360  0.16775  0.12914  0.04792  0.03988  0.02343  0.14934  0.12933  0.04459  0.03241  0.05331  0.07144  0.20144  0.08449  0.16684  0.04867  0.10223  0.07896  0.18095  0.12032  0.08902  0.09583  0.05630  0.18063  0.08281  0.11092  0.01883  0.11444  0.08268  0.11067  0.12122  0.14466  0.12191  0.00443  0.00265  0.05273  0.24847  0.01599  0.09041  0.14913  0.05065  0.09496  0.12190  0.07719  0.06109  0.13066  0.15270  0.18286  1.20758
   9  24874.82485 x   0.20538  0.02943  0.03085  0.00519  0.13338  0.06457  0.03619  0.02479  0.03691  0.11360  0.16776  0.12914  0.04792  0.03988  0.02343  0.14934  0.12933  0.04459  0.03241  0.05331  0.07144  0.20145  0.08449  0.16685  0.04867  0.10223  0.07896  0.18095  0.12032  0.08903  0.09583  0.05630  0.18064  0.08281  0.11092  0.01883  0.11444  0.08268  0.11067  0.12122  0.14466  0.12191  0.00443  0.00265  0.05273  0.24848  0.01599  0.09041  0.14913  0.05065  0.09496  0.12190  0.07719  0.06109  0.13066  0.15270  0.18286  1.20760
  10  24874.82485 x   0.20539  0.02943  0.03085  0.00519  0.13338  0.06457  0.03620  0.02479  0.03691  0.11360  0.16776  0.12914  0.04792  0.03988  0.02343  0.14934  0.12933  0.04459  0.03241  0.05331  0.07144  0.20145  0.08449  0.16685  0.04867  0.10224  0.07896  0.18095  0.12032  0.08903  0.09583  0.05631  0.18064  0.08281  0.11092  0.01883  0.11444  0.08268  0.11067  0.12122  0.14466  0.12191  0.00443  0.00265  0.05273  0.24848  0.01599  0.09041  0.14913  0.05065  0.09496  0.12190  0.07719  0.06109  0.13066  0.15270  0.18286  1.20760
  11  24874.82485 x   0.20539  0.02943  0.03085  0.00519  0.13338  0.06457  0.03620  0.02479  0.03691  0.11360  0.16776  0.12914  0.04792  0.03988  0.02343  0.14934  0.12933  0.04459  0.03241  0.05331  0.07144  0.20145  0.08449  0.16685  0.04867  0.10224  0.07896  0.18095  0.12032  0.08903  0.09584  0.05631  0.18064  0.08281  0.11092  0.01883  0.11444  0.08268  0.11067  0.12122  0.14466  0.12191  0.00443  0.00265  0.05273  0.24848  0.01599  0.09041  0.14913  0.05065  0.09496  0.12190  0.07719  0.06109  0.13066  0.15270  0.18286  1.20760
