

TREE # 1
   1  32607.44797 x   0.04909  0.01389  0.07079  0.16239  0.14069  0.04016  0.10939  0.22197  0.01945  0.22194  0.17432  0.23451  0.12449  0.15627  0.05538  0.16031  0.14160  0.07992  0.04503  0.08019  0.08897  0.12408  0.03357  0.28107  0.00859  0.06911  0.03030  0.09520  0.08647  0.01328  0.08112  0.10321  0.02841  0.21618  0.23147  0.06555  0.17142  0.12836  0.00514  0.00729  0.03380  0.09376  0.16672  0.14594  0.27501  0.10126  0.10174  0.07536  0.08026  0.03169  0.12053  0.02027  0.12820  0.12805  0.05012  0.23938  0.29281  0.26886
   2  32363.05343 x   0.06861  0.01878  0.09680  0.21532  0.18650  0.05240  0.14823  0.29704  0.02253  0.29485  0.23432  0.31144  0.16214  0.20796  0.07270  0.21381  0.18678  0.10957  0.05888  0.10701  0.11892  0.16671  0.04110  0.36914  0.01229  0.08741  0.04003  0.12749  0.11502  0.01957  0.10822  0.13897  0.03949  0.28828  0.31126  0.08738  0.22940  0.17324  0.02088  0.00689  0.04717  0.12687  0.22279  0.19368  0.36630  0.13396  0.13736  0.10141  0.10799  0.04308  0.16235  0.02526  0.17175  0.17428  0.07047  0.31734  0.38794  0.51322
   3  32327.04487 x   0.07611  0.02202  0.10898  0.24027  0.20898  0.05821  0.16577  0.33215  0.02296  0.32987  0.26283  0.34757  0.18136  0.23242  0.08031  0.23852  0.20852  0.12259  0.06500  0.11949  0.13277  0.18680  0.04431  0.41100  0.01426  0.09827  0.04467  0.14238  0.12845  0.02178  0.12155  0.15527  0.04318  0.32156  0.34785  0.09709  0.25590  0.19275  0.02449  0.00725  0.05128  0.14244  0.24885  0.21573  0.40659  0.14908  0.15257  0.11331  0.12086  0.04823  0.18162  0.02761  0.19150  0.19439  0.07843  0.35152  0.43024  0.66105
   4  32325.88792 x   0.07710  0.02249  0.11068  0.24455  0.21296  0.05892  0.16861  0.33824  0.02248  0.33601  0.26785  0.35338  0.18445  0.23627  0.08110  0.24226  0.21203  0.12468  0.06571  0.12129  0.13497  0.19002  0.04466  0.41732  0.01456  0.09989  0.04535  0.14459  0.13046  0.02203  0.12352  0.15773  0.04306  0.32672  0.35337  0.09822  0.25959  0.19557  0.02503  0.00732  0.05152  0.14444  0.25235  0.21889  0.41218  0.15106  0.15457  0.11481  0.12268  0.04899  0.18434  0.02781  0.19415  0.19711  0.07876  0.35624  0.43587  0.68637
   5  32325.67724 x   0.07772  0.02271  0.11173  0.24730  0.21552  0.05933  0.17043  0.34231  0.02205  0.34013  0.27118  0.35727  0.18637  0.23877  0.08154  0.24466  0.21424  0.12601  0.06602  0.12232  0.13631  0.19209  0.04476  0.42147  0.01470  0.10077  0.04570  0.14588  0.13157  0.02216  0.12466  0.15919  0.04287  0.33008  0.35701  0.09884  0.26187  0.19727  0.02528  0.00727  0.05151  0.14557  0.25442  0.22082  0.41582  0.15211  0.15559  0.11549  0.12373  0.04933  0.18577  0.02772  0.19559  0.19868  0.07875  0.35910  0.43936  0.68843
   6  32325.57787 x   0.07843  0.02301  0.11295  0.25079  0.21878  0.05976  0.17266  0.34751  0.02124  0.34542  0.27547  0.36212  0.18887  0.24197  0.08195  0.24755  0.21699  0.12769  0.06632  0.12352  0.13795  0.19464  0.04488  0.42656  0.01488  0.10186  0.04614  0.14747  0.13293  0.02228  0.12603  0.16096  0.04237  0.33428  0.36151  0.09950  0.26457  0.19930  0.02563  0.00725  0.05143  0.14688  0.25685  0.22313  0.42019  0.15339  0.15685  0.11629  0.12496  0.04979  0.18757  0.02760  0.19730  0.20055  0.07855  0.36263  0.44365  0.68943
   7  32325.57670 x   0.07845  0.02303  0.11298  0.25088  0.21887  0.05978  0.17272  0.34763  0.02123  0.34555  0.27558  0.36223  0.18893  0.24205  0.08197  0.24763  0.21707  0.12774  0.06634  0.12356  0.13800  0.19471  0.04489  0.42669  0.01489  0.10190  0.04615  0.14752  0.13297  0.02229  0.12607  0.16101  0.04237  0.33438  0.36161  0.09953  0.26464  0.19936  0.02564  0.00725  0.05143  0.14693  0.25693  0.22320  0.42030  0.15343  0.15689  0.11632  0.12500  0.04981  0.18763  0.02761  0.19735  0.20061  0.07855  0.36273  0.44376  0.69045
   8  32325.57660 x   0.07847  0.02304  0.11302  0.25097  0.21895  0.05979  0.17277  0.34776  0.02121  0.34568  0.27569  0.36236  0.18899  0.24212  0.08198  0.24770  0.21714  0.12778  0.06634  0.12359  0.13804  0.19478  0.04489  0.42682  0.01489  0.10193  0.04616  0.14756  0.13301  0.02229  0.12611  0.16106  0.04236  0.33449  0.36173  0.09955  0.26471  0.19942  0.02565  0.00725  0.05143  0.14696  0.25699  0.22326  0.42041  0.15346  0.15692  0.11634  0.12503  0.04982  0.18767  0.02760  0.19740  0.20066  0.07855  0.36281  0.44386  0.69048
   9  32325.57659 x   0.07848  0.02304  0.11302  0.25099  0.21897  0.05979  0.17278  0.34779  0.02121  0.34571  0.27571  0.36238  0.18901  0.24214  0.08198  0.24772  0.21715  0.12779  0.06635  0.12360  0.13804  0.19479  0.04489  0.42684  0.01489  0.10193  0.04617  0.14757  0.13301  0.02229  0.12612  0.16107  0.04236  0.33451  0.36175  0.09955  0.26473  0.19943  0.02565  0.00725  0.05143  0.14697  0.25700  0.22327  0.42043  0.15347  0.15693  0.11635  0.12504  0.04982  0.18768  0.02760  0.19741  0.20067  0.07855  0.36283  0.44388  0.69051
  10  32325.57659 x   0.07848  0.02304  0.11302  0.25100  0.21898  0.05979  0.17279  0.34780  0.02121  0.34572  0.27572  0.36239  0.18901  0.24215  0.08198  0.24772  0.21716  0.12779  0.06635  0.12360  0.13805  0.19479  0.04489  0.42685  0.01489  0.10193  0.04617  0.14757  0.13302  0.02229  0.12612  0.16107  0.04235  0.33452  0.36176  0.09955  0.26473  0.19943  0.02565  0.00725  0.05143  0.14697  0.25701  0.22328  0.42044  0.15347  0.15693  0.11635  0.12504  0.04982  0.18769  0.02760  0.19741  0.20067  0.07855  0.36284  0.44389  0.69051
  11  32325.57659 x   0.07848  0.02304  0.11303  0.25100  0.21898  0.05979  0.17279  0.34781  0.02121  0.34573  0.27573  0.36240  0.18902  0.24215  0.08198  0.24773  0.21716  0.12780  0.06635  0.12361  0.13805  0.19480  0.04489  0.42686  0.01489  0.10194  0.04617  0.14758  0.13302  0.02229  0.12612  0.16107  0.04235  0.33452  0.36177  0.09955  0.26474  0.19943  0.02565  0.00725  0.05143  0.14697  0.25701  0.22328  0.42045  0.15348  0.15693  0.11635  0.12505  0.04982  0.18769  0.02760  0.19741  0.20067  0.07855  0.36285  0.44390  0.69051
  12  32325.57659 x   0.07848  0.02304  0.11303  0.25100  0.21899  0.05979  0.17280  0.34781  0.02120  0.34574  0.27573  0.36240  0.18902  0.24216  0.08198  0.24773  0.21716  0.12780  0.06635  0.12361  0.13805  0.19480  0.04489  0.42687  0.01489  0.10194  0.04617  0.14758  0.13302  0.02229  0.12612  0.16107  0.04235  0.33453  0.36177  0.09955  0.26474  0.19944  0.02565  0.00725  0.05143  0.14697  0.25701  0.22328  0.42045  0.15348  0.15693  0.11635  0.12505  0.04982  0.18769  0.02760  0.19741  0.20068  0.07855  0.36285  0.44390  0.69052
  13  32325.57659 x   0.07848  0.02304  0.11303  0.25100  0.21899  0.05980  0.17280  0.34782  0.02120  0.34574  0.27573  0.36241  0.18902  0.24216  0.08198  0.24773  0.21717  0.12780  0.06635  0.12361  0.13805  0.19480  0.04489  0.42687  0.01489  0.10194  0.04617  0.14758  0.13302  0.02229  0.12612  0.16108  0.04235  0.33453  0.36177  0.09955  0.26474  0.19944  0.02565  0.00725  0.05143  0.14697  0.25701  0.22328  0.42045  0.15348  0.15694  0.11635  0.12505  0.04982  0.18769  0.02760  0.19742  0.20068  0.07855  0.36285  0.44391  0.69052
  14  32325.57659 x   0.07848  0.02304  0.11303  0.25101  0.21899  0.05980  0.17280  0.34782  0.02120  0.34574  0.27573  0.36241  0.18902  0.24216  0.08198  0.24773  0.21717  0.12780  0.06635  0.12361  0.13805  0.19480  0.04489  0.42687  0.01489  0.10194  0.04617  0.14758  0.13302  0.02229  0.12612  0.16108  0.04235  0.33453  0.36177  0.09955  0.26474  0.19944  0.02565  0.00725  0.05143  0.14697  0.25701  0.22328  0.42046  0.15348  0.15694  0.11635  0.12505  0.04982  0.18769  0.02760  0.19742  0.20068  0.07855  0.36285  0.44391  0.69052
