
 30

(((t26: 0.009879, t21: 0.003215): 0.243664, (t20: 0.163789, t30: 0.161685): 0.140461): 0.088056, (t5: 0.295370, (((t6: 0.148372, t17: 0.185495): 0.085900, ((t12: 0.138098, t27: 0.107946): 0.107092, (t1: 0.089951, t16: 0.141902): 0.158405): 0.036403): 0.025670, (t29: 0.199351, ((t4: 0.155978, t2: 0.109772): 0.039953, t22: 0.156104): 0.067093): 0.050605): 0.048467): 0.077435, (((t15: 0.198146, (t28: 0.126847, t7: 0.122061): 0.041095): 0.091434, ((t18: 0.189698, t24: 0.198914): 0.024017, ((t3: 0.097681, t10: 0.149806): 0.113545, (t25: 0.064747, (t13: 0.055064, t14: 0.054289): 0.027383): 0.178929): 0.008358): 0.010839): 0.080756, (((t19: 0.134172, (t9: 0.100550, t23: 0.103205): 0.047221): 0.026322, t11: 0.095994): 0.127717, t8: 0.287066): 0.083062): 0.276579);

  0.088056  0.243664  0.009879  0.003215  0.140461  0.163789  0.161685  0.077435  0.295370  0.048467  0.025670  0.085900  0.148372  0.185495  0.036403  0.107092  0.138098  0.107946  0.158405  0.089951  0.141902  0.050605  0.199351  0.067093  0.039953  0.155978  0.109772  0.156104  0.276579  0.080756  0.091434  0.198146  0.041095  0.126847  0.122061  0.010839  0.024017  0.189698  0.198914  0.008358  0.113545  0.097681  0.149806  0.178929  0.064747  0.027383  0.055064  0.054289  0.083062  0.127717  0.026322  0.134172  0.047221  0.100550  0.103205  0.095994  0.287066

  0.000000  0.000000  0.000000  0.000000  0.000000  0.000000  0.000000  0.000000  0.000000  0.000000  0.000000  0.000000  0.000000  0.000000  0.000000  0.000000  0.000000  0.000000  0.000000  0.000000  0.000000  0.000000  0.000000  0.000000  0.000000  0.000000  0.000000  0.000000  0.000000  0.000000  0.000000  0.000000  0.000000  0.000000  0.000000  0.000000  0.000000  0.000000  0.000000  0.000000  0.000000  0.000000  0.000000  0.000000  0.000000  0.000000  0.000000  0.000000  0.000000  0.000000  0.000000  0.000000  0.000000  0.000000  0.000000  0.000000  0.000000


Hessian

      -4220      -84.2     -310.1     -589.3     -168.6      5.043      79.89     -672.6      124.3     -49.93     0.2713       -590      236.8         42     -11.36      309.5      59.58      223.4     -62.93      37.98      203.2      374.2      175.4     -376.9      252.1      145.5      189.1     -125.8       66.4      81.52      10.14      20.47        282      168.6     -212.4     -228.6      443.1     -34.47      226.9      -1261    -0.4837      189.9      50.12       -160      63.24      190.4      39.42      388.6      136.9      91.83     -495.4     -19.64     -274.8     -337.6      -4.12     -13.24      14.36
      -84.2      -2001      537.9      480.9     -33.25      145.4     -157.5      17.58      25.43      108.2      400.2      18.84      69.22     -10.82     -168.5      141.6      54.39        142     -89.18     -26.02      169.6        241      123.2      397.7      131.5       70.6     -211.9      21.72     -13.62      321.4     -16.99      183.6      152.9      43.45      181.4      -21.2     -136.1      58.49      46.46     -320.6     -46.71      81.18      191.5      52.57     0.9852      43.14      357.5     -363.4        250      -6.35     -147.1      70.12     -171.7      336.5     0.2106       49.2      47.27
     -310.1      537.9 -8.367e+04  -4.87e+04      21.65      364.3      753.9     -783.2      174.7     -812.1      362.5      280.3       1333     -424.6       1154        564     -383.1     -865.8       1161       1367      88.09       1303      185.4      612.2     -79.66      963.5      702.3     -785.5      546.4     -448.6     -46.59      39.78      200.1       1450       1383       -731      -1507      726.3      922.5      -1085      -1411       1326     -197.5      -1924     -243.4     -368.3       1381       1355      554.3      179.8      -1617       -431      905.9      367.6      -1915      375.7     -145.8
     -589.3      480.9  -4.87e+04 -1.552e+05        458      151.5      39.44     -582.9     -120.7      -2426      -6757      735.6       1662      439.9      614.1      -1871      305.2      124.2       1127       1301      145.2       1288     -623.4      18.96      -3414      828.3        340      540.9      12.11      -3593       -457     -761.9       1074       1698     -184.8      881.2       1366       1237      932.7      984.4       1291       1752      -1912      -1064     -829.5      -7372       1487       1457     -365.2      385.7      -1224     -613.5      -1482      -1988     -919.7      44.13        258
     -168.6     -33.25      21.65        458      -3135     -73.04      65.49     -239.4      61.61       65.7        398      -94.7       83.3      158.3     -45.25     -124.5      227.9      18.61     -40.15     -22.55     -47.16        295     -123.6      128.7     -27.32      18.02      119.5     -154.4      106.7      183.3     -10.94      206.7       14.5     -295.3      275.6      83.16      116.2        115     -205.8      82.42      162.4     -1.821      91.74      163.9      29.34      393.2      425.5      552.6      2.513      160.6        179     -38.57      20.54     -103.2     -7.465      202.3        177
      5.043      145.4      364.3      151.5     -73.04      -3165     -388.8      37.99     -64.99      106.5     -463.7      218.4      178.9     -82.98       17.3     -59.64      135.4     -174.2      122.8     -134.1      35.24     -164.9     -16.92     -125.3      65.19      93.41      212.5      141.5      47.79      132.7     -70.26     -20.95     -96.66     -10.38      282.8     -81.57     -61.02     -220.1      305.8     -65.61      55.47      155.8     -227.4       79.3      133.5        185     -52.56      680.5       40.3     -51.91       87.9      152.4     -193.2      -27.6     -89.01      333.1      103.9
      79.89     -157.5      753.9      39.44      65.49     -388.8      -3182      49.04      136.4      22.25     -12.91        220     -128.2     -42.56      264.8      224.7     -25.55      5.051     -158.6       45.9      -24.3      1.375      1.591      56.11      140.6       3.17      155.3      62.86      74.58     -49.54      85.43      100.5      309.3      41.81      7.858      351.9        176       8.11     -117.3      98.53      307.5     -102.2      291.3      152.1      399.9      318.1      332.7      460.3      78.82      254.6      205.2     -67.82      27.06     -10.12      188.5      137.4     -127.1
     -672.6      17.58     -783.2     -582.9     -239.4      37.99      49.04      -4892      220.5     -658.8     -612.1     -122.1     -5.821     -37.41      -51.1      265.1      -22.7     -382.2      -5.01      189.4      195.7        155      152.5     -130.9      110.4     -255.8        212     -323.1     -136.9      43.02      89.08      70.71      200.3     -4.206       95.9        320     -195.2     -222.5     -267.4      155.7      383.3      251.2     -235.3      246.7      168.9      654.5      148.6     -99.13      56.99      208.4     -539.4     -251.7      66.26      173.1     -167.2      246.5      228.3
      124.3      25.43      174.7     -120.7      61.61     -64.99      136.4      220.5      -1814     -428.7      363.3      293.9     -42.47      107.2      112.8      31.43      183.5      109.7      172.2     -3.328      119.2     -46.53      50.22     -219.4     -83.76      161.3     -68.77      33.33     -15.21      212.6      198.7      147.6      276.7     -21.38      237.9      40.21        148      43.44      26.02     -208.4     -67.14      75.35      79.48     -84.77      132.9      166.9      214.3     -163.6      232.7      84.59      65.97      199.6      7.729      53.41     -7.662      188.1      9.955
     -49.93      108.2     -812.1      -2426       65.7      106.5      22.25     -658.8     -428.7      -7758     -324.2      256.8     -53.36     -87.35     -131.2     -276.8     -761.1     -141.6        370      211.2      280.3      92.59      254.4      34.32      397.9      176.9      233.6      285.1      219.2      38.66     -516.7         24      42.79      181.8     -34.88      134.9      117.9      260.9      164.7      103.6       64.9     -231.9      -98.1      154.8      493.6        746     -123.4      343.3     -232.9     -359.2       -616      289.5      433.2     -105.5      444.6      386.3      98.33
     0.2713      400.2      362.5      -6757        398     -463.7     -12.91     -612.1      363.3     -324.2 -1.523e+04     -842.7     -148.5      361.8      -2012     -337.4     -287.6       -117     -90.72     -37.11      246.5      -1336      228.3     -538.5     -689.4     -270.9     -98.16      255.7      98.94     -555.8      409.6     -64.01      444.5      118.1      110.4        520        278        142      397.5      630.8     -387.1      563.1      43.33      276.1      143.8      -1716      -1593      189.6     -561.4       -222      -1122        614      128.2     -70.37      297.4     -393.5      126.6
       -590      18.84      280.3      735.6      -94.7      218.4        220     -122.1      293.9      256.8     -842.7      -6003     -273.1     -95.02     -100.5       -266      188.3      394.5      149.7      254.6      136.7        221     -96.57      544.3      424.6      213.9      62.03     -175.3        137     -150.9      70.43     -116.4      316.9     -16.63     -327.2      154.3      340.2     -19.16      155.2      470.9      275.2      165.3      80.95     -43.98      540.1      289.2       -244      301.3      51.13     -47.12      303.5        288     -226.3      93.65     -526.7      51.78      129.4
      236.8      69.22       1333       1662       83.3      178.9     -128.2     -5.821     -42.47     -53.36     -148.5     -273.1      -3912     -9.749    -0.4379     -88.89     -8.576      209.5      226.5     -34.92      337.2      216.3     -55.31     -188.5     -189.2      173.2      74.28     -8.973      177.2     -112.1      292.5      213.9      391.8      219.1      148.8        374      310.8     -221.8      198.8      194.2     -38.57       79.9      22.63      106.1      499.9      37.98     -283.6        412      240.5      176.4      238.1     -25.09      101.9      -82.8      20.83     -192.9      18.94
         42     -10.82     -424.6      439.9      158.3     -82.98     -42.56     -37.41      107.2     -87.35      361.8     -95.02     -9.749      -3069      208.3      26.67      326.3      29.76      337.4     -67.64      26.91        140      241.3      175.8     -315.9      99.76      208.9      133.3      65.86      244.8      152.2     -77.08     -72.16        176     -62.31        329     -369.3      143.7        119       22.1      203.2     -18.87     -41.57      25.84      87.95      398.9     -82.62     -369.6     -237.6     -87.29       54.9      135.2      253.9      354.8        103       39.8      12.52
     -11.36     -168.5       1154      614.1     -45.25       17.3      264.8      -51.1      112.8     -131.2      -2012     -100.5    -0.4379      208.3 -1.036e+04     -576.5     -293.2     -244.6     -373.7     -300.4      305.2     -315.3     -99.17     -260.4     -32.64      -59.2     -231.4       -261      67.76      360.6      290.6      29.55      534.5      372.3     -349.9     -247.2     -475.1     -241.8     -483.1       -630     -476.8     -798.3      334.8      320.7      426.4     -127.8      170.4     -194.4      87.27      293.6      382.9      50.17     -42.84     -543.6     -20.51      401.3      149.4
      309.5      141.6        564      -1871     -124.5     -59.64      224.7      265.1      31.43     -276.8     -337.4       -266     -88.89      26.67     -576.5      -4865      130.1      153.6      334.3      35.82      68.25     -141.9      46.58      65.62      226.2      143.7      290.1      191.1        118     -173.9      266.8      212.4      266.3     0.1599     -130.6     -600.8      182.4      233.2      326.2      415.5     -20.86     -403.3     -25.08      142.6        211      175.8       -348      259.2     -115.8     -155.9      126.1      265.7       -221     -319.3     -305.5      16.56      228.1
      59.58      54.39     -383.1      305.2      227.9      135.4     -25.55      -22.7      183.5     -761.1     -287.6      188.3     -8.576      326.3     -293.2      130.1      -4446       -464      163.4      114.6      433.8      140.6      11.78     -324.2      161.5     -19.35      443.5      87.38      74.79     -348.5     -157.1      -90.2      270.4      154.8      24.93     -3.935      147.7      199.4      45.58      81.41      189.6      210.8      159.3     -24.87      278.9      295.6      251.3     -181.6      159.1      245.5      33.44     -81.28     -365.9      34.15      372.3      171.1       11.1
      223.4        142     -865.8      124.2      18.61     -174.2      5.051     -382.2      109.7     -141.6       -117      394.5      209.5      29.76     -244.6      153.6       -464      -5606      158.6      237.3      175.8      24.75      22.29     -280.2      7.738      -80.9      292.8       -369     -139.5       63.5     -157.4      -24.8      108.5      296.6      346.1      23.44     -58.84      290.2     -45.16      832.4      46.69      192.7     -177.1      72.04      559.4      394.3      357.4       57.3      2.442      38.93     -476.3      -16.6      477.8      195.3       8.62        566      -46.6
     -62.93     -89.18       1161       1127     -40.15      122.8     -158.6      -5.01      172.2        370     -90.72      149.7      226.5      337.4     -373.7      334.3      163.4      158.6      -3469     -209.6      191.1       -323      -47.6      215.8      162.9      301.9      411.9     -136.3      132.6      179.9     -199.2      53.01      454.5      122.5      99.01     -64.72      201.2      27.51       42.1      132.2      305.7     -56.99     -16.61     -67.85     -317.5     -479.9      85.43      366.8     -114.4      208.8     -376.3      126.4      31.81      197.2      286.7        380        102
      37.98     -26.02       1367       1301     -22.55     -134.1       45.9      189.4     -3.328      211.2     -37.11      254.6     -34.92     -67.64     -300.4      35.82      114.6      237.3     -209.6      -6599     -745.5     -260.7     -459.5     -703.1     -119.7      25.66      421.4      81.47     -37.85      244.4     -49.14      269.1      52.91     -40.35     -281.6     -404.3      61.63       -386     -6.708     -12.95        101      31.05      305.3      72.39      80.75      484.9      136.3     -592.1     -76.23      203.8     -373.9      235.5        340      405.1     -4.023      86.42      86.13
      203.2      169.6      88.09      145.2     -47.16      35.24      -24.3      195.7      119.2      280.3      246.5      136.7      337.2      26.91      305.2      68.25      433.8      175.8      191.1     -745.5      -4535      74.91      49.63     -91.72     -37.71      104.5     -113.9      74.69      78.29      117.8      168.2     -22.05     -973.6      17.48      108.2        597     -111.7     0.2091    -0.2246      437.9     -21.31      161.6      163.5        261      151.8      379.7     -114.6      168.9      15.68      189.2      511.6      344.1     -118.1     -80.68      183.7      10.49     -113.9
      374.2        241       1303       1288        295     -164.9      1.375        155     -46.53      92.59      -1336        221      216.3        140     -315.3     -141.9      140.6      24.75       -323     -260.7      74.91      -8930     -60.57     -791.3     -313.9     -217.6      44.29      251.5      81.85     -69.87     -451.5      109.3        342     -75.48     -7.704      553.9      -1233     -309.9     -11.62      78.69      25.75     -133.3      220.6       78.8        296      229.4      8.391     -167.7     -294.7      398.6      220.5      311.3      441.2      159.3        281     -132.6      309.9
      175.4      123.2      185.4     -623.4     -123.6     -16.92      1.591      152.5      50.22      254.4      228.3     -96.57     -55.31      241.3     -99.17      46.58      11.78      22.29      -47.6     -459.5      49.63     -60.57      -2915     -137.6      346.4      93.08      134.5     -64.15      107.6       -185     -120.3      37.98     -100.8      13.02     -234.3     -348.4      229.6     -77.56     -15.97      -65.4     -41.43     -171.5     -90.12      25.74     -169.8     -64.66      119.1     -154.8     -44.11      120.6      153.3     -187.1     -155.6      155.1     -92.54      56.44      26.08
     -376.9      397.7      612.2      18.96      128.7     -125.3      56.11     -130.9     -219.4      34.32     -538.5      544.3     -188.5      175.8     -260.4      65.62     -324.2     -280.2      215.8     -703.1     -91.72     -791.3     -137.6      -7493       -369      145.9      404.7      110.7      169.3     -46.28      84.48     -81.95      349.7     -211.9      20.48      139.1      528.2     -84.03      204.2     -358.9     -125.4      40.99      58.32     -349.8      131.4      394.9      403.8      272.8     -257.3      95.81     -468.8      154.8     -108.7     -303.9      171.4     -69.41      55.75
      252.1      131.5     -79.66      -3414     -27.32      65.19      140.6      110.4     -83.76      397.9     -689.4      424.6     -189.2     -315.9     -32.64      226.2      161.5      7.738      162.9     -119.7     -37.71     -313.9      346.4       -369 -1.122e+04     -362.4     -835.1       -404      277.4     -273.4      333.9      198.1     -616.4     -367.7      461.7      215.6     -264.5     -238.2      130.7      361.5     -231.7      480.6      49.14        268     -26.37     -858.5     -95.16     -703.1     -177.1     -162.1      83.68       -397      348.3      359.7      179.9      10.62        255
      145.5       70.6      963.5      828.3      18.02      93.41       3.17     -255.8      161.3      176.9     -270.9      213.9      173.2      99.76      -59.2      143.7     -19.35      -80.9      301.9      25.66      104.5     -217.6      93.08      145.9     -362.4      -4281     -270.9      74.22     -72.09      234.1       39.8      13.48      243.5      225.4        226     -252.3      217.4      30.69      18.29      411.2      84.34     -39.14      341.7      211.7      274.8     -165.2     -851.5     -429.6     -40.67     -54.12     -483.7        318      215.1        132      30.73       -169      130.2
      189.1     -211.9      702.3        340      119.5      212.5      155.3        212     -68.77      233.6     -98.16      62.03      74.28      208.9     -231.4      290.1      443.5      292.8      411.9      421.4     -113.9      44.29      134.5      404.7     -835.1     -270.9      -5888      224.7     -16.02      107.9      144.1     -41.28     -561.3     -387.6       86.2     -72.65      77.78     -149.5        198     -781.3     -166.9      209.8      180.2     -155.2        218     -68.11      448.6      112.8      217.2      179.3      107.1      154.7      411.9      295.9      439.9      184.3      35.89
     -125.8      21.72     -785.5      540.9     -154.4      141.5      62.86     -323.1      33.33      285.1      255.7     -175.3     -8.973      133.3       -261      191.1      87.38       -369     -136.3      81.47      74.69      251.5     -64.15      110.7       -404      74.22      224.7      -4071      109.1      580.6     -38.55      21.59      -49.9     -98.52      160.2      669.4      95.73      111.8     -5.048      775.5      344.3      185.7      246.8      278.2      460.5      158.2     -19.51       -257      400.4      222.4     -297.7     -51.38      353.5     -290.6     -73.24      271.5     -64.53
       66.4     -13.62      546.4      12.11      106.7      47.79      74.58     -136.9     -15.21      219.2      98.94        137      177.2      65.86      67.76        118      74.79     -139.5      132.6     -37.85      78.29      81.85      107.6      169.3      277.4     -72.09     -16.02      109.1      -1642     -74.84      328.4     -27.86     -154.9      154.4      222.8      264.9      110.9      149.6     -52.12      101.3      189.1      36.87      77.09       74.2      312.4        -88      183.9     -30.32      171.3      183.2      90.09     -26.56      295.5      14.79      359.8      65.27     -2.722
      81.52      321.4     -448.6      -3593      183.3      132.7     -49.54      43.02      212.6      38.66     -555.8     -150.9     -112.1      244.8      360.6     -173.9     -348.5       63.5      179.9      244.4      117.8     -69.87       -185     -46.28     -273.4      234.1      107.9      580.6     -74.84      -5680      557.3      157.6      48.21      194.4      65.64     -844.3        145      -45.6      21.22      11.29      54.41      216.8      61.18     -21.34     -33.34      208.2      313.2      4.626     -837.8     -61.41     -67.92     -154.5     -467.7       -228      82.58     -234.8     -38.31
      10.14     -16.99     -46.59       -457     -10.94     -70.26      85.43      89.08      198.7     -516.7      409.6      70.43      292.5      152.2      290.6      266.8     -157.1     -157.4     -199.2     -49.14      168.2     -451.5     -120.3      84.48      333.9       39.8      144.1     -38.55      328.4      557.3      -5858      97.48     -958.6      10.15      91.84      -1667     -193.4      49.65        350     -123.6      -38.3      82.19      106.8      84.14      24.97      204.1     -344.8        317      85.23      109.9     -213.9     -160.8      137.2      442.2     -641.2      390.4      81.34
      20.47      183.6      39.78     -761.9      206.7     -20.95      100.5      70.71      147.6         24     -64.01     -116.4      213.9     -77.08      29.55      212.4      -90.2      -24.8      53.01      269.1     -22.05      109.3      37.98     -81.95      198.1      13.48     -41.28      21.59     -27.86      157.6      97.48      -2843     -392.7     -140.2       -320      110.6     -156.5     -25.15      80.78     -160.2        306     -198.9     -139.1      78.76      323.8     -270.2      35.34      136.5     -87.95      26.59      325.6      50.54     -166.4     -104.5        198      117.7      48.68
        282      152.9      200.1       1074       14.5     -96.66      309.3      200.3      276.7      42.79      444.5      316.9      391.8     -72.16      534.5      266.3      270.4      108.5      454.5      52.91     -973.6        342     -100.8      349.7     -616.4      243.5     -561.3      -49.9     -154.9      48.21     -958.6     -392.7 -1.121e+04     -259.5     -194.2      130.3     -143.2     -266.1      49.67      213.5     -246.6     -138.4      482.2      333.1      633.4      912.3      128.7      192.9     -377.6      142.8      721.4     -381.4      405.5      404.5      605.3      165.7      104.7
      168.6      43.45       1450       1698     -295.3     -10.38      41.81     -4.206     -21.38      181.8      118.1     -16.63      219.1        176      372.3     0.1599      154.8      296.6      122.5     -40.35      17.48     -75.48      13.02     -211.9     -367.7      225.4     -387.6     -98.52      154.4      194.4      10.15     -140.2     -259.5      -4846     -310.1     -508.3     -29.87     -174.5      42.07      302.6      226.9     -208.4      317.7      90.99        291     -178.2     -172.3      54.07       11.9      179.4     -59.57      86.71     -414.1     -89.55      246.8      263.6      28.72
     -212.4      181.4       1383     -184.8      275.6      282.8      7.858       95.9      237.9     -34.88      110.4     -327.2      148.8     -62.31     -349.9     -130.6      24.93      346.1      99.01     -281.6      108.2     -7.704     -234.3      20.48      461.7        226       86.2      160.2      222.8      65.64      91.84       -320     -194.2     -310.1      -4975     -337.2      244.6     -32.72      24.97     -478.1       -203     -226.3     -100.6     -252.1        568     -515.6     -470.1      376.4     -82.97     -185.9     -122.6     -82.58      75.88     -123.8      109.8       48.9      350.9
     -228.6      -21.2       -731      881.2      83.16     -81.57      351.9        320      40.21      134.9        520      154.3        374        329     -247.2     -600.8     -3.935      23.44     -64.72     -404.3        597      553.9     -348.4      139.1      215.6     -252.3     -72.65      669.4      264.9     -844.3      -1667      110.6      130.3     -508.3     -337.2 -2.668e+04     -881.4      19.41      517.1      -1693     -637.8      613.5      512.2        125      606.6       1187      232.4      708.8     -254.1     -98.21     -339.2     -596.3     -854.5      159.9     -914.3      466.3     -225.3
      443.1     -136.1      -1507       1366      116.2     -61.02        176     -195.2        148      117.9        278      340.2      310.8     -369.3     -475.1      182.4      147.7     -58.84      201.2      61.63     -111.7      -1233      229.6      528.2     -264.5      217.4      77.78      95.73      110.9        145     -193.4     -156.5     -143.2     -29.87      244.6     -881.4 -1.269e+04      -1012     -905.5      -2153      285.2      425.6        156       -185      379.4      279.2      883.5     -798.2     -137.3       -270      730.1      21.05      257.4      627.8      136.9       -816      138.7
     -34.47      58.49      726.3       1237        115     -220.1       8.11     -222.5      43.44      260.9        142     -19.16     -221.8      143.7     -241.8      233.2      199.4      290.2      27.51       -386     0.2091     -309.9     -77.56     -84.03     -238.2      30.69     -149.5      111.8      149.6      -45.6      49.65     -25.15     -266.1     -174.5     -32.72      19.41      -1012      -3206     -13.25     -117.4      188.7       80.9      140.3       13.1     -86.16     -28.58     -122.5      89.31      92.65      66.52      -83.9      119.3      161.8        341     -68.08      12.02      105.3
      226.9      46.46      922.5      932.7     -205.8      305.8     -117.3     -267.4      26.02      164.7      397.5      155.2      198.8        119     -483.1      326.2      45.58     -45.16       42.1     -6.708    -0.2246     -11.62     -15.97      204.2      130.7      18.29        198     -5.048     -52.12      21.22        350      80.78      49.67      42.07      24.97      517.1     -905.5     -13.25      -3100     -316.1     -27.72     -261.7      220.2      233.5      198.3     -113.2      386.8     -56.47     -22.87      49.42      457.1     -178.8      310.8      229.9      199.4     -237.6      15.97
      -1261     -320.6      -1085      984.4      82.42     -65.61      98.53      155.7     -208.4      103.6      630.8      470.9      194.2       22.1       -630      415.5      81.41      832.4      132.2     -12.95      437.9      78.69      -65.4     -358.9      361.5      411.2     -781.3      775.5      101.3      11.29     -123.6     -160.2      213.5      302.6     -478.1      -1693      -2153     -117.4     -316.1 -2.586e+04      -2117     -163.5      50.41      -1510      581.4      138.9      225.2      566.6      222.3      91.22      199.1     -129.9      566.3     -835.8        295     -360.4     -240.2
    -0.4837     -46.71      -1411       1291      162.4      55.47      307.5      383.3     -67.14       64.9     -387.1      275.2     -38.57      203.2     -476.8     -20.86      189.6      46.69      305.7        101     -21.31      25.75     -41.43     -125.4     -231.7      84.34     -166.9      344.3      189.1      54.41      -38.3        306     -246.6      226.9       -203     -637.8      285.2      188.7     -27.72      -2117      -5078     -137.1      192.9      99.18      614.7      370.9        485      62.39     -74.08     -38.58        508     -45.71     -232.4     -102.2     -84.64     -393.7     -7.579
      189.9      81.18       1326       1752     -1.821      155.8     -102.2      251.2      75.35     -231.9      563.1      165.3       79.9     -18.87     -798.3     -403.3      210.8      192.7     -56.99      31.05      161.6     -133.3     -171.5      40.99      480.6     -39.14      209.8      185.7      36.87      216.8      82.19     -198.9     -138.4     -208.4     -226.3      613.5      425.6       80.9     -261.7     -163.5     -137.1      -6116     -241.1      224.2        834      542.5     -670.7      216.2      127.9     -123.8      450.5     -52.48     -712.7      563.4      88.92      71.83      105.8
      50.12      191.5     -197.5      -1912      91.74     -227.4      291.3     -235.3      79.48      -98.1      43.33      80.95      22.63     -41.57      334.8     -25.08      159.3     -177.1     -16.61      305.3      163.5      220.6     -90.12      58.32      49.14      341.7      180.2      246.8      77.09      61.18      106.8     -139.1      482.2      317.7     -100.6      512.2        156      140.3      220.2      50.41      192.9     -241.1      -4168      57.21     -500.9     -80.85      167.3     -194.9     -91.13     -32.67      352.6     -64.91      283.2      250.6     -62.18      457.4      85.22
       -160      52.57      -1924      -1064      163.9       79.3      152.1      246.7     -84.77      154.8      276.1     -43.98      106.1      25.84      320.7      142.6     -24.87      72.04     -67.85      72.39        261       78.8      25.74     -349.8        268      211.7     -155.2      278.2       74.2     -21.34      84.14      78.76      333.1      90.99     -252.1        125       -185       13.1      233.5      -1510      99.18      224.2      57.21      -3359     -143.5       -500      58.55      209.7     -26.04      160.6     -195.5      271.3      316.1      431.7     -14.07      206.1      54.43
      63.24     0.9852     -243.4     -829.5      29.34      133.5      399.9      168.9      132.9      493.6      143.8      540.1      499.9      87.95      426.4        211      278.9      559.4     -317.5      80.75      151.8        296     -169.8      131.4     -26.37      274.8        218      460.5      312.4     -33.34      24.97      323.8      633.4        291        568      606.6      379.4     -86.16      198.3      581.4      614.7        834     -500.9     -143.5 -1.113e+04      -3654       -438     -641.4        -95     -363.8     -251.4     -183.6     -43.59     -71.43      -42.7      114.7     -95.84
      190.4      43.14     -368.3      -7372      393.2        185      318.1      654.5      166.9        746      -1716      289.2      37.98      398.9     -127.8      175.8      295.6      394.3     -479.9      484.9      379.7      229.4     -64.66      394.9     -858.5     -165.2     -68.11      158.2        -88      208.2      204.1     -270.2      912.3     -178.2     -515.6       1187      279.2     -28.58     -113.2      138.9      370.9      542.5     -80.85       -500      -3654 -2.087e+04     -296.5      80.07      495.9      530.4      421.3       27.2       -220     -480.3     -191.3     -608.8      327.5
      39.42      357.5       1381       1487      425.5     -52.56      332.7      148.6      214.3     -123.4      -1593       -244     -283.6     -82.62      170.4       -348      251.3      357.4      85.43      136.3     -114.6      8.391      119.1      403.8     -95.16     -851.5      448.6     -19.51      183.9      313.2     -344.8      35.34      128.7     -172.3     -470.1      232.4      883.5     -122.5      386.8      225.2        485     -670.7      167.3      58.55       -438     -296.5 -1.462e+04      -1156      232.1     -476.1     -806.7      130.4      -1197       85.9       51.3     -129.5      387.5
      388.6     -363.4       1355       1457      552.6      680.5      460.3     -99.13     -163.6      343.3      189.6      301.3        412     -369.6     -194.4      259.2     -181.6       57.3      366.8     -592.1      168.9     -167.7     -154.8      272.8     -703.1     -429.6      112.8       -257     -30.32      4.626        317      136.5      192.9      54.07      376.4      708.8     -798.2      89.31     -56.47      566.6      62.39      216.2     -194.9      209.7     -641.4      80.07      -1156 -1.492e+04     -150.5      324.8      190.3      440.8     -234.8      199.3      210.7      234.3      152.3
      136.9        250      554.3     -365.2      2.513       40.3      78.82      56.99      232.7     -232.9     -561.4      51.13      240.5     -237.6      87.27     -115.8      159.1      2.442     -114.4     -76.23      15.68     -294.7     -44.11     -257.3     -177.1     -40.67      217.2      400.4      171.3     -837.8      85.23     -87.95     -377.6       11.9     -82.97     -254.1     -137.3      92.65     -22.87      222.3     -74.08      127.9     -91.13     -26.04        -95      495.9      232.1     -150.5      -4686     -432.8      220.8      413.9     -377.3        213      26.22      218.9      68.48
      91.83      -6.35      179.8      385.7      160.6     -51.91      254.6      208.4      84.59     -359.2       -222     -47.12      176.4     -87.29      293.6     -155.9      245.5      38.93      208.8      203.8      189.2      398.6      120.6      95.81     -162.1     -54.12      179.3      222.4      183.2     -61.41      109.9      26.59      142.8      179.4     -185.9     -98.21       -270      66.52      49.42      91.22     -38.58     -123.8     -32.67      160.6     -363.8      530.4     -476.1      324.8     -432.8      -3842      140.5      294.3     -72.58      9.661      236.1      232.6      47.19
     -495.4     -147.1      -1617      -1224        179       87.9      205.2     -539.4      65.97       -616      -1122      303.5      238.1       54.9      382.9      126.1      33.44     -476.3     -376.3     -373.9      511.6      220.5      153.3     -468.8      83.68     -483.7      107.1     -297.7      90.09     -67.92     -213.9      325.6      721.4     -59.57     -122.6     -339.2      730.1      -83.9      457.1      199.1        508      450.5      352.6     -195.5     -251.4      421.3     -806.7      190.3      220.8      140.5  -1.65e+04      199.6     -768.1      265.8      501.6      -1978      376.4
     -19.64      70.12       -431     -613.5     -38.57      152.4     -67.82     -251.7      199.6      289.5        614        288     -25.09      135.2      50.17      265.7     -81.28      -16.6      126.4      235.5      344.1      311.3     -187.1      154.8       -397        318      154.7     -51.38     -26.56     -154.5     -160.8      50.54     -381.4      86.71     -82.58     -596.3      21.05      119.3     -178.8     -129.9     -45.71     -52.48     -64.91      271.3     -183.6       27.2      130.4      440.8      413.9      294.3      199.6      -4932     -339.7     -112.1     -49.52     -110.7       15.5
     -274.8     -171.7      905.9      -1482      20.54     -193.2      27.06      66.26      7.729      433.2      128.2     -226.3      101.9      253.9     -42.84       -221     -365.9      477.8      31.81        340     -118.1      441.2     -155.6     -108.7      348.3      215.1      411.9      353.5      295.5     -467.7      137.2     -166.4      405.5     -414.1      75.88     -854.5      257.4      161.8      310.8      566.3     -232.4     -712.7      283.2      316.1     -43.59       -220      -1197     -234.8     -377.3     -72.58     -768.1     -339.7 -1.166e+04     -332.1     -576.5     -253.5      467.9
     -337.6      336.5      367.6      -1988     -103.2      -27.6     -10.12      173.1      53.41     -105.5     -70.37      93.65      -82.8      354.8     -543.6     -319.3      34.15      195.3      197.2      405.1     -80.68      159.3      155.1     -303.9      359.7        132      295.9     -290.6      14.79       -228      442.2     -104.5      404.5     -89.55     -123.8      159.9      627.8        341      229.9     -835.8     -102.2      563.4      250.6      431.7     -71.43     -480.3       85.9      199.3        213      9.661      265.8     -112.1     -332.1      -7075     -267.1         99        183
      -4.12     0.2106      -1915     -919.7     -7.465     -89.01      188.5     -167.2     -7.662      444.6      297.4     -526.7      20.83        103     -20.51     -305.5      372.3       8.62      286.7     -4.023      183.7        281     -92.54      171.4      179.9      30.73      439.9     -73.24      359.8      82.58     -641.2        198      605.3      246.8      109.8     -914.3      136.9     -68.08      199.4        295     -84.64      88.92     -62.18     -14.07      -42.7     -191.3       51.3      210.7      26.22      236.1      501.6     -49.52     -576.5     -267.1      -6725      395.6      202.8
     -13.24       49.2      375.7      44.13      202.3      333.1      137.4      246.5      188.1      386.3     -393.5      51.78     -192.9       39.8      401.3      16.56      171.1        566        380      86.42      10.49     -132.6      56.44     -69.41      10.62       -169      184.3      271.5      65.27     -234.8      390.4      117.7      165.7      263.6       48.9      466.3       -816      12.02     -237.6     -360.4     -393.7      71.83      457.4      206.1      114.7     -608.8     -129.5      234.3      218.9      232.6      -1978     -110.7     -253.5         99      395.6      -6689      233.8
      14.36      47.27     -145.8        258        177      103.9     -127.1      228.3      9.955      98.33      126.6      129.4      18.94      12.52      149.4      228.1       11.1      -46.6        102      86.13     -113.9      309.9      26.08      55.75        255      130.2      35.89     -64.53     -2.722     -38.31      81.34      48.68      104.7      28.72      350.9     -225.3      138.7      105.3      15.97     -240.2     -7.579      105.8      85.22      54.43     -95.84      327.5      387.5      152.3      68.48      47.19      376.4       15.5      467.9        183      202.8      233.8      -1791
