

TREE # 1
   1  27565.36641 x   0.07325  0.20182  0.00392  0.00420  0.11649  0.13453  0.13241  0.06373  0.24626  0.03888  0.02066  0.07108  0.12193  0.15284  0.03008  0.08837  0.11362  0.08843  0.13088  0.07385  0.11687  0.04181  0.16496  0.05546  0.03291  0.12903  0.08991  0.12870  0.23326  0.06698  0.07593  0.16394  0.03382  0.10478  0.10037  0.00843  0.01987  0.15692  0.16463  0.00689  0.09386  0.08051  0.12330  0.14872  0.05341  0.02228  0.04518  0.04449  0.06973  0.10641  0.02154  0.11106  0.03903  0.08310  0.08510  0.07923  0.24083  0.51022
   2  27441.93429 x   0.08620  0.23425  0.00915  0.00318  0.13528  0.15843  0.15511  0.07495  0.28489  0.04665  0.02495  0.08331  0.14334  0.17866  0.03566  0.10366  0.13356  0.10398  0.15295  0.08733  0.13690  0.04926  0.19268  0.06505  0.03924  0.15112  0.10595  0.15093  0.26885  0.07836  0.08902  0.19218  0.03999  0.12334  0.11822  0.01040  0.02407  0.18378  0.19287  0.00848  0.11029  0.09522  0.14529  0.17392  0.06300  0.02661  0.05354  0.05270  0.08147  0.12457  0.02592  0.13057  0.04613  0.09796  0.10033  0.09327  0.28011  0.97776
   3  27439.18913 x   0.08723  0.23865  0.00963  0.00318  0.13765  0.16116  0.15829  0.07623  0.28988  0.04768  0.02541  0.08466  0.14591  0.18200  0.03614  0.10546  0.13592  0.10601  0.15564  0.08881  0.13941  0.05002  0.19603  0.06617  0.03976  0.15368  0.10792  0.15357  0.27250  0.07982  0.09053  0.19538  0.04065  0.12536  0.12028  0.01072  0.02438  0.18686  0.19600  0.00860  0.11210  0.09675  0.14777  0.17664  0.06411  0.02710  0.05447  0.05364  0.08256  0.12645  0.02639  0.13276  0.04692  0.09961  0.10204  0.09487  0.28404  1.07988
   4  27439.03303 x   0.08783  0.24144  0.00978  0.00320  0.13920  0.16269  0.16015  0.07692  0.29292  0.04813  0.02557  0.08539  0.14733  0.18396  0.03634  0.10641  0.13718  0.10710  0.15720  0.08951  0.14082  0.05038  0.19792  0.06671  0.03992  0.15502  0.10898  0.15503  0.27484  0.08030  0.09103  0.19698  0.04092  0.12625  0.12133  0.01077  0.02422  0.18849  0.19769  0.00848  0.11293  0.09732  0.14896  0.17798  0.06447  0.02727  0.05482  0.05402  0.08286  0.12718  0.02633  0.13357  0.04709  0.10016  0.10272  0.09553  0.28580  1.08770
   5  27438.99871 x   0.08803  0.24349  0.00987  0.00321  0.14036  0.16370  0.16156  0.07739  0.29518  0.04843  0.02566  0.08585  0.14828  0.18537  0.03639  0.10703  0.13802  0.10787  0.15830  0.08991  0.14181  0.05058  0.19923  0.06705  0.03994  0.15589  0.10970  0.15601  0.27644  0.08071  0.09139  0.19804  0.04108  0.12679  0.12199  0.01083  0.02402  0.18959  0.19881  0.00836  0.11349  0.09764  0.14973  0.17884  0.06472  0.02737  0.05504  0.05426  0.08304  0.12766  0.02632  0.13411  0.04720  0.10051  0.10316  0.09595  0.28695  1.09105
   6  27438.99773 x   0.08804  0.24358  0.00988  0.00321  0.14041  0.16375  0.16163  0.07741  0.29528  0.04845  0.02567  0.08588  0.14833  0.18544  0.03640  0.10706  0.13806  0.10791  0.15836  0.08993  0.14186  0.05060  0.19930  0.06708  0.03995  0.15594  0.10974  0.15606  0.27651  0.08074  0.09142  0.19810  0.04109  0.12682  0.12203  0.01084  0.02402  0.18965  0.19887  0.00836  0.11352  0.09767  0.14977  0.17889  0.06474  0.02738  0.05505  0.05428  0.08305  0.12770  0.02632  0.13415  0.04722  0.10054  0.10319  0.09598  0.28702  1.09313
   7  27438.99768 x   0.08805  0.24363  0.00988  0.00321  0.14044  0.16377  0.16166  0.07743  0.29533  0.04846  0.02567  0.08589  0.14836  0.18547  0.03640  0.10708  0.13808  0.10793  0.15839  0.08994  0.14188  0.05060  0.19933  0.06709  0.03995  0.15596  0.10976  0.15609  0.27655  0.08075  0.09143  0.19813  0.04109  0.12684  0.12205  0.01084  0.02402  0.18968  0.19889  0.00836  0.11354  0.09768  0.14979  0.17891  0.06474  0.02738  0.05506  0.05428  0.08306  0.12771  0.02632  0.13416  0.04722  0.10054  0.10320  0.09599  0.28705  1.09326
   8  27438.99767 x   0.08805  0.24365  0.00988  0.00321  0.14045  0.16378  0.16167  0.07743  0.29535  0.04846  0.02567  0.08590  0.14837  0.18548  0.03640  0.10709  0.13809  0.10794  0.15840  0.08995  0.14190  0.05060  0.19934  0.06709  0.03995  0.15597  0.10977  0.15610  0.27657  0.08075  0.09143  0.19814  0.04109  0.12684  0.12206  0.01084  0.02402  0.18969  0.19891  0.00836  0.11354  0.09768  0.14980  0.17892  0.06474  0.02738  0.05506  0.05429  0.08306  0.12771  0.02632  0.13417  0.04722  0.10055  0.10320  0.09599  0.28706  1.09331
   9  27438.99767 x   0.08806  0.24366  0.00988  0.00321  0.14046  0.16379  0.16168  0.07743  0.29536  0.04847  0.02567  0.08590  0.14837  0.18549  0.03640  0.10709  0.13810  0.10794  0.15840  0.08995  0.14190  0.05060  0.19935  0.06709  0.03995  0.15598  0.10977  0.15610  0.27657  0.08076  0.09143  0.19814  0.04109  0.12685  0.12206  0.01084  0.02402  0.18970  0.19891  0.00836  0.11354  0.09768  0.14980  0.17893  0.06475  0.02738  0.05506  0.05429  0.08306  0.12772  0.02632  0.13417  0.04722  0.10055  0.10320  0.09599  0.28706  1.09333
  10  27438.99767 x   0.08806  0.24366  0.00988  0.00321  0.14046  0.16379  0.16168  0.07743  0.29537  0.04847  0.02567  0.08590  0.14837  0.18549  0.03640  0.10709  0.13810  0.10795  0.15840  0.08995  0.14190  0.05060  0.19935  0.06709  0.03995  0.15598  0.10977  0.15610  0.27658  0.08076  0.09143  0.19814  0.04109  0.12685  0.12206  0.01084  0.02402  0.18970  0.19891  0.00836  0.11354  0.09768  0.14980  0.17893  0.06475  0.02738  0.05506  0.05429  0.08306  0.12772  0.02632  0.13417  0.04722  0.10055  0.10320  0.09599  0.28706  1.09334
  11  27438.99767 x   0.08806  0.24366  0.00988  0.00321  0.14046  0.16379  0.16168  0.07743  0.29537  0.04847  0.02567  0.08590  0.14837  0.18549  0.03640  0.10709  0.13810  0.10795  0.15840  0.08995  0.14190  0.05061  0.19935  0.06709  0.03995  0.15598  0.10977  0.15610  0.27658  0.08076  0.09143  0.19815  0.04110  0.12685  0.12206  0.01084  0.02402  0.18970  0.19891  0.00836  0.11354  0.09768  0.14981  0.17893  0.06475  0.02738  0.05506  0.05429  0.08306  0.12772  0.02632  0.13417  0.04722  0.10055  0.10321  0.09599  0.28707  1.09334
